beta	xi = 0.1	xi = 0.2	xi = 0.3	xi = 0.4	xi = 0.5	xi = 0.6	xi = 0.7	xi = 0.8	xi = 0.9	xi = 1.0
0.001000	-1.099130	-0.372121	-0.129784	-0.008616	0.064084	0.112552	0.147172	0.173136	0.193331	0.209487
0.004341	-1.046784	-0.343145	-0.108599	0.008674	0.079038	0.125948	0.159454	0.184584	0.204130	0.219766
0.007682	-1.014915	-0.325354	-0.095500	0.019426	0.088382	0.134353	0.167189	0.191816	0.210971	0.226295
0.011023	-0.990230	-0.311492	-0.085247	0.027876	0.095750	0.140999	0.173320	0.197561	0.216415	0.231498
0.014365	-0.969561	-0.299829	-0.076586	0.035036	0.102009	0.146658	0.178550	0.202469	0.221073	0.235956
0.017706	-0.951542	-0.289619	-0.068978	0.041342	0.107534	0.151662	0.183183	0.206823	0.225209	0.239919
0.021047	-0.935439	-0.280460	-0.062134	0.047029	0.112527	0.156192	0.187382	0.210774	0.228967	0.243523
0.024388	-0.920802	-0.272106	-0.055875	0.052241	0.117111	0.160357	0.191247	0.214415	0.232434	0.246850
0.027729	-0.907332	-0.264394	-0.050081	0.057075	0.121369	0.164231	0.194847	0.217809	0.235669	0.249956
0.031070	-0.894818	-0.257208	-0.044671	0.061597	0.125358	0.167866	0.198228	0.221000	0.238711	0.252880
0.034411	-0.883106	-0.250463	-0.039582	0.065858	0.129122	0.171299	0.201424	0.224019	0.241592	0.255651
0.037753	-0.872079	-0.244096	-0.034769	0.069895	0.132693	0.174559	0.204463	0.226891	0.244335	0.258290
0.041094	-0.861645	-0.238056	-0.030193	0.073738	0.136097	0.177670	0.207364	0.229635	0.246957	0.260815
0.044435	-0.851731	-0.232303	-0.025827	0.077410	0.139353	0.180648	0.210145	0.232267	0.249474	0.263239
0.047776	-0.842276	-0.226804	-0.021647	0.080932	0.142479	0.183510	0.212818	0.234800	0.251896	0.265573
0.051117	-0.833233	-0.221533	-0.017633	0.084317	0.145487	0.186267	0.215396	0.237242	0.254234	0.267827
0.054458	-0.824560	-0.216466	-0.013768	0.087581	0.148390	0.188930	0.217887	0.239604	0.256496	0.270009
0.057799	-0.816221	-0.211585	-0.010039	0.090734	0.151197	0.191506	0.220299	0.241893	0.258688	0.272124
0.061140	-0.808188	-0.206872	-0.006434	0.093785	0.153917	0.194004	0.222639	0.244114	0.260817	0.274180
0.064482	-0.800433	-0.202315	-0.002942	0.096744	0.156556	0.196431	0.224912	0.246274	0.262888	0.276180
0.067823	-0.792936	-0.197900	0.000445	0.099618	0.159121	0.198790	0.227125	0.248377	0.264905	0.278128
0.071164	-0.785677	-0.193618	0.003735	0.102412	0.161618	0.201088	0.229282	0.250427	0.266873	0.280030
0.074505	-0.778637	-0.189457	0.006936	0.105133	0.164051	0.203330	0.231386	0.252428	0.268794	0.281887
0.077846	-0.771802	-0.185410	0.010053	0.107785	0.166424	0.205517	0.233441	0.254383	0.270672	0.283703
0.081187	-0.765158	-0.181470	0.013093	0.110374	0.168743	0.207655	0.235450	0.256296	0.272509	0.285480
0.084528	-0.758692	-0.177629	0.016059	0.112902	0.171009	0.209746	0.237416	0.258168	0.274309	0.287221
0.087870	-0.752394	-0.173882	0.018956	0.115375	0.173226	0.211793	0.239342	0.260003	0.276073	0.288928
0.091211	-0.746254	-0.170222	0.021788	0.117794	0.175397	0.213799	0.241229	0.261802	0.277803	0.290603
0.094552	-0.740263	-0.166646	0.024560	0.120163	0.177524	0.215766	0.243081	0.263567	0.279501	0.292248
0.097893	-0.734411	-0.163147	0.027274	0.122484	0.179611	0.217695	0.244898	0.265300	0.281169	0.293864
0.101234	-0.728693	-0.159724	0.029933	0.124761	0.181658	0.219589	0.246683	0.267003	0.282808	0.295452
0.104575	-0.723100	-0.156370	0.032540	0.126995	0.183668	0.221450	0.248437	0.268678	0.284420	0.297014
0.107916	-0.717627	-0.153083	0.035098	0.129189	0.185643	0.223279	0.250162	0.270325	0.286006	0.298552
0.111258	-0.712267	-0.149860	0.037609	0.131344	0.187584	0.225078	0.251860	0.271945	0.287568	0.300066
0.114599	-0.707016	-0.146698	0.040075	0.133462	0.189494	0.226848	0.253530	0.273541	0.289106	0.301557
0.117940	-0.701868	-0.143593	0.042499	0.135545	0.191372	0.228590	0.255175	0.275113	0.290621	0.303027
0.121281	-0.696819	-0.140544	0.044881	0.137594	0.193221	0.230306	0.256796	0.276662	0.292115	0.304476
0.124622	-0.691864	-0.137547	0.047225	0.139611	0.195042	0.231997	0.258393	0.278190	0.293587	0.305906
0.127963	-0.686999	-0.134602	0.049531	0.141597	0.196836	0.233663	0.259968	0.279696	0.295040	0.307316
0.131304	-0.682220	-0.131705	0.051801	0.143553	0.198605	0.235306	0.261521	0.281182	0.296474	0.308708
0.134645	-0.677525	-0.128854	0.054036	0.145481	0.200348	0.236926	0.263053	0.282649	0.297890	0.310082
0.137987	-0.672909	-0.126049	0.056238	0.147382	0.202068	0.238525	0.264566	0.284097	0.299287	0.311440
0.141328	-0.668370	-0.123286	0.058408	0.149256	0.203764	0.240103	0.266059	0.285527	0.300668	0.312781
0.144669	-0.663904	-0.120565	0.060548	0.151104	0.205438	0.241661	0.267534	0.286939	0.302032	0.314106
0.148010	-0.659510	-0.117884	0.062658	0.152929	0.207091	0.243199	0.268991	0.288335	0.303380	0.315416
0.151351	-0.655183	-0.115242	0.064739	0.154729	0.208723	0.244719	0.270431	0.289715	0.304713	0.316712
0.154692	-0.650923	-0.112637	0.066792	0.156507	0.210335	0.246221	0.271854	0.291078	0.306031	0.317993
0.158033	-0.646727	-0.110067	0.068819	0.158262	0.211928	0.247706	0.273261	0.292427	0.307334	0.319260
0.161375	-0.642592	-0.107533	0.070820	0.159997	0.213503	0.249173	0.274652	0.293761	0.308624	0.320514
0.164716	-0.638516	-0.105032	0.072796	0.161710	0.215059	0.250624	0.276028	0.295081	0.309900	0.321756
0.168057	-0.634498	-0.102564	0.074748	0.163404	0.216597	0.252060	0.277390	0.296387	0.311163	0.322984
0.171398	-0.630536	-0.100127	0.076676	0.165078	0.218119	0.253479	0.278737	0.297680	0.312414	0.324201
0.174739	-0.626628	-0.097720	0.078582	0.166733	0.219624	0.254884	0.280071	0.298960	0.313652	0.325405
0.178080	-0.622771	-0.095344	0.080466	0.168370	0.221113	0.256275	0.281391	0.300227	0.314878	0.326599
0.181421	-0.618966	-0.092995	0.082328	0.169990	0.222587	0.257651	0.282698	0.301482	0.316093	0.327781
0.184763	-0.615209	-0.090675	0.084169	0.171592	0.224045	0.259014	0.283992	0.302725	0.317296	0.328952
0.188104	-0.611501	-0.088382	0.085991	0.173177	0.225489	0.260364	0.285274	0.303957	0.318488	0.330113
0.191445	-0.607838	-0.086115	0.087792	0.174746	0.226919	0.261700	0.286544	0.305177	0.319669	0.331263
0.194786	-0.604221	-0.083874	0.089575	0.176300	0.228334	0.263024	0.287803	0.306386	0.320840	0.332404
0.198127	-0.600648	-0.081658	0.091339	0.177837	0.229736	0.264336	0.289050	0.307585	0.322001	0.333534
0.201468	-0.597116	-0.079465	0.093085	0.179360	0.231125	0.265635	0.290286	0.308773	0.323152	0.334656
0.204809	-0.593627	-0.077297	0.094813	0.180869	0.232502	0.266924	0.291511	0.309951	0.324294	0.335768
0.208151	-0.590178	-0.075151	0.096525	0.182363	0.233865	0.268200	0.292725	0.311119	0.325426	0.336871
0.211492	-0.586768	-0.073027	0.098219	0.183843	0.235217	0.269466	0.293930	0.312278	0.326548	0.337965
0.214833	-0.583396	-0.070926	0.099898	0.185309	0.236556	0.270721	0.295124	0.313427	0.327662	0.339050
0.218174	-0.580061	-0.068845	0.101560	0.186763	0.237884	0.271965	0.296309	0.314566	0.328767	0.340127
0.221515	-0.576763	-0.066786	0.103207	0.188203	0.239201	0.273199	0.297484	0.315697	0.329863	0.341196
0.224856	-0.573500	-0.064746	0.104839	0.189631	0.240506	0.274423	0.298650	0.316819	0.330951	0.342257
0.228197	-0.570272	-0.062726	0.106455	0.191046	0.241801	0.275637	0.299806	0.317933	0.332031	0.343310
0.231538	-0.567077	-0.060726	0.108058	0.192450	0.243085	0.276842	0.300954	0.319038	0.333103	0.344355
0.234880	-0.563916	-0.058744	0.109646	0.193842	0.244359	0.278037	0.302093	0.320135	0.334167	0.345393
0.238221	-0.560787	-0.056781	0.111221	0.195222	0.245622	0.279223	0.303223	0.321223	0.335223	0.346424
0.241562	-0.557689	-0.054836	0.112782	0.196591	0.246876	0.280400	0.304345	0.322304	0.336272	0.347447
0.244903	-0.554621	-0.052908	0.114330	0.197949	0.248120	0.281568	0.305459	0.323377	0.337314	0.348463
0.248244	-0.551584	-0.050997	0.115865	0.199296	0.249355	0.282727	0.306565	0.324443	0.338348	0.349472
0.251585	-0.548577	-0.049104	0.117387	0.200633	0.250580	0.283878	0.307663	0.325501	0.339375	0.350475
0.254926	-0.545597	-0.047226	0.118897	0.201959	0.251796	0.285021	0.308753	0.326552	0.340396	0.351471
0.258268	-0.542646	-0.045365	0.120395	0.203276	0.253004	0.286156	0.309836	0.327596	0.341409	0.352460
0.261609	-0.539723	-0.043520	0.121882	0.204582	0.254202	0.287283	0.310911	0.328633	0.342416	0.353443
0.264950	-0.536827	-0.041690	0.123356	0.205879	0.255392	0.288402	0.311980	0.329663	0.343417	0.354420
0.268291	-0.533956	-0.039875	0.124819	0.207166	0.256574	0.289513	0.313041	0.330686	0.344411	0.355390
0.271632	-0.531112	-0.038075	0.126271	0.208444	0.257748	0.290617	0.314095	0.331703	0.345399	0.356355
0.274973	-0.528293	-0.036289	0.127712	0.209713	0.258913	0.291713	0.315142	0.332713	0.346380	0.357314
0.278314	-0.525499	-0.034518	0.129142	0.210972	0.260070	0.292802	0.316182	0.333717	0.347356	0.358267
0.281656	-0.522729	-0.032761	0.130562	0.212223	0.261220	0.293885	0.317216	0.334715	0.348326	0.359214
0.284997	-0.519983	-0.031017	0.131971	0.213466	0.262362	0.294960	0.318244	0.335707	0.349289	0.360155
0.288338	-0.517260	-0.029287	0.133371	0.214699	0.263497	0.296028	0.319265	0.336693	0.350247	0.361091
0.291679	-0.514560	-0.027570	0.134760	0.215925	0.264624	0.297090	0.320280	0.337672	0.351200	0.362022
0.295020	-0.511882	-0.025866	0.136140	0.217142	0.265744	0.298145	0.321289	0.338646	0.352147	0.362947
0.298361	-0.509227	-0.024175	0.137510	0.218352	0.266857	0.299194	0.322291	0.339615	0.353088	0.363867
0.301702	-0.506593	-0.022496	0.138870	0.219553	0.267963	0.300236	0.323288	0.340577	0.354025	0.364782
0.305043	-0.503981	-0.020829	0.140221	0.220747	0.269062	0.301272	0.324279	0.341535	0.354956	0.365692
0.308385	-0.501389	-0.019175	0.141564	0.221933	0.270154	0.302302	0.325264	0.342486	0.355881	0.366597
0.311726	-0.498818	-0.017532	0.142897	0.223111	0.271240	0.303326	0.326244	0.343433	0.356802	0.367497
0.315067	-0.496267	-0.015901	0.144221	0.224283	0.272319	0.304344	0.327218	0.344374	0.357718	0.368392
0.318408	-0.493736	-0.014281	0.145537	0.225447	0.273392	0.305356	0.328187	0.345310	0.358628	0.369283
0.321749	-0.491224	-0.012672	0.146845	0.226603	0.274459	0.306362	0.329150	0.346241	0.359534	0.370169
0.325090	-0.488731	-0.011075	0.148144	0.227753	0.275519	0.307363	0.330108	0.347167	0.360435	0.371050
0.328431	-0.486257	-0.009488	0.149435	0.228896	0.276573	0.308358	0.331061	0.348088	0.361332	0.371927
0.331773	-0.483802	-0.007912	0.150717	0.230032	0.277621	0.309347	0.332009	0.349005	0.362224	0.372799
0.335114	-0.481364	-0.006347	0.151992	0.231162	0.278664	0.310331	0.332951	0.349916	0.363111	0.373667
0.338455	-0.478944	-0.004792	0.153259	0.232285	0.279700	0.311310	0.333889	0.350823	0.363994	0.374531
0.341796	-0.476542	-0.003247	0.154519	0.233401	0.280731	0.312284	0.334822	0.351725	0.364872	0.375390
0.345137	-0.474157	-0.001712	0.155770	0.234511	0.281756	0.313252	0.335750	0.352623	0.365746	0.376245
0.348478	-0.471789	-0.000186	0.157015	0.235615	0.282776	0.314216	0.336673	0.353516	0.366616	0.377096
0.351819	-0.469438	0.001329	0.158252	0.236713	0.283790	0.315174	0.337592	0.354405	0.367482	0.377943
0.355161	-0.467103	0.002835	0.159481	0.237804	0.284798	0.316128	0.338506	0.355289	0.368343	0.378786
0.358502	-0.464785	0.004332	0.160704	0.238890	0.285802	0.317076	0.339415	0.356169	0.369200	0.379625
0.361843	-0.462482	0.005819	0.161920	0.239970	0.286800	0.318020	0.340320	0.357045	0.370053	0.380460
0.365184	-0.460195	0.007298	0.163128	0.241044	0.287793	0.318959	0.341221	0.357917	0.370903	0.381291
0.368525	-0.457923	0.008767	0.164330	0.242112	0.288781	0.319893	0.342117	0.358784	0.371748	0.382119
0.371866	-0.455667	0.010227	0.165525	0.243174	0.289764	0.320823	0.343009	0.359648	0.372589	0.382943
0.375207	-0.453425	0.011679	0.166714	0.244231	0.290742	0.321749	0.343896	0.360507	0.373427	0.383763
0.378548	-0.451198	0.013122	0.167896	0.245283	0.291715	0.322669	0.344780	0.361363	0.374261	0.384579
0.381890	-0.448986	0.014557	0.169072	0.246329	0.292683	0.323586	0.345659	0.362214	0.375091	0.385392
0.385231	-0.446788	0.015984	0.170241	0.247369	0.293647	0.324498	0.346535	0.363062	0.375917	0.386201
0.388572	-0.444604	0.017402	0.171404	0.248405	0.294605	0.325406	0.347406	0.363906	0.376740	0.387007
0.391913	-0.442434	0.018812	0.172561	0.249435	0.295560	0.326309	0.348273	0.364747	0.377559	0.387809
0.395254	-0.440278	0.020214	0.173711	0.250460	0.296509	0.327209	0.349137	0.365583	0.378375	0.388608
0.398595	-0.438135	0.021608	0.174856	0.251480	0.297454	0.328104	0.349997	0.366416	0.379187	0.389403
0.401936	-0.436006	0.022995	0.175995	0.252495	0.298395	0.328995	0.350852	0.367245	0.379995	0.390195
0.405278	-0.433889	0.024374	0.177128	0.253505	0.299332	0.329882	0.351705	0.368071	0.380801	0.390984
0.408619	-0.431786	0.025745	0.178255	0.254511	0.300264	0.330766	0.352553	0.368893	0.381603	0.391770
0.411960	-0.429695	0.027109	0.179377	0.255511	0.301191	0.331645	0.353398	0.369712	0.382401	0.392552
0.415301	-0.427617	0.028465	0.180493	0.256507	0.302115	0.332521	0.354239	0.370527	0.383196	0.393332
0.418642	-0.425552	0.029815	0.181603	0.257498	0.303034	0.333392	0.355076	0.371339	0.383988	0.394108
0.421983	-0.423498	0.031157	0.182708	0.258484	0.303950	0.334260	0.355910	0.372148	0.384777	0.394881
0.425324	-0.421457	0.032492	0.183808	0.259466	0.304861	0.335124	0.356741	0.372953	0.385563	0.395651
0.428666	-0.419428	0.033820	0.184902	0.260443	0.305768	0.335985	0.357568	0.373755	0.386346	0.396418
0.432007	-0.417410	0.035141	0.185991	0.261416	0.306671	0.336842	0.358392	0.374554	0.387125	0.397182
0.435348	-0.415404	0.036455	0.187075	0.262385	0.307571	0.337695	0.359212	0.375350	0.387901	0.397943
0.438689	-0.413409	0.037763	0.188154	0.263349	0.308466	0.338544	0.360029	0.376142	0.388675	0.398701
0.442030	-0.411426	0.039064	0.189227	0.264309	0.309358	0.339391	0.360843	0.376932	0.389445	0.399456
0.445371	-0.409454	0.040358	0.190296	0.265265	0.310246	0.340233	0.361653	0.377718	0.390213	0.400208
0.448712	-0.407493	0.041646	0.191360	0.266216	0.311130	0.341073	0.362460	0.378501	0.390977	0.400958
0.452054	-0.405543	0.042928	0.192418	0.267164	0.312011	0.341909	0.363264	0.379281	0.391739	0.401705
0.455395	-0.403603	0.044203	0.193472	0.268107	0.312887	0.342741	0.364065	0.380058	0.392498	0.402449
0.458736	-0.401675	0.045472	0.194521	0.269046	0.313761	0.343570	0.364863	0.380833	0.393254	0.403190
0.462077	-0.399756	0.046735	0.195566	0.269981	0.314630	0.344396	0.365658	0.381604	0.394007	0.403929
0.465418	-0.397848	0.047992	0.196606	0.270912	0.315497	0.345219	0.366450	0.382373	0.394757	0.404665
0.468759	-0.395951	0.049243	0.197641	0.271840	0.316359	0.346039	0.367239	0.383138	0.395505	0.405398
0.472100	-0.394063	0.050488	0.198672	0.272763	0.317218	0.346855	0.368024	0.383901	0.396250	0.406129
0.475441	-0.392186	0.051727	0.199698	0.273683	0.318074	0.347668	0.368807	0.384661	0.396992	0.406857
0.478783	-0.390318	0.052960	0.200719	0.274599	0.318927	0.348479	0.369587	0.385418	0.397732	0.407582
0.482124	-0.388460	0.054188	0.201737	0.275511	0.319776	0.349286	0.370364	0.386173	0.398469	0.408305
0.485465	-0.386611	0.055409	0.202750	0.276420	0.320622	0.350090	0.371138	0.386925	0.399203	0.409026
0.488806	-0.384773	0.056626	0.203758	0.277325	0.321464	0.350891	0.371910	0.387674	0.399935	0.409744
0.492147	-0.382943	0.057836	0.204763	0.278226	0.322304	0.351689	0.372679	0.388421	0.400665	0.410460
0.495488	-0.381123	0.059041	0.205763	0.279124	0.323140	0.352484	0.373444	0.389165	0.401391	0.411173
0.498829	-0.379312	0.060241	0.206759	0.280018	0.323973	0.353276	0.374208	0.389906	0.402116	0.411884
0.502171	-0.377510	0.061435	0.207751	0.280908	0.324803	0.354066	0.374968	0.390645	0.402838	0.412592
0.505512	-0.375717	0.062625	0.208739	0.281795	0.325630	0.354852	0.375726	0.391381	0.403557	0.413298
0.508853	-0.373933	0.063808	0.209722	0.282679	0.326453	0.355636	0.376481	0.392115	0.404274	0.414002
0.512194	-0.372158	0.064987	0.210702	0.283560	0.327274	0.356417	0.377234	0.392846	0.404989	0.414703
0.515535	-0.370392	0.066161	0.211678	0.284437	0.328092	0.357195	0.377984	0.393575	0.405701	0.415402
0.518876	-0.368634	0.067329	0.212650	0.285310	0.328907	0.357971	0.378731	0.394301	0.406411	0.416099
0.522217	-0.366884	0.068492	0.213618	0.286181	0.329718	0.358744	0.379476	0.395025	0.407119	0.416794
0.525559	-0.365143	0.069651	0.214582	0.287048	0.330527	0.359514	0.380218	0.395747	0.407824	0.417486
0.528900	-0.363411	0.070804	0.215543	0.287912	0.331333	0.360281	0.380958	0.396466	0.408527	0.418176
0.532241	-0.361686	0.071953	0.216500	0.288773	0.332137	0.361046	0.381695	0.397183	0.409228	0.418865
0.535582	-0.359970	0.073097	0.217453	0.289630	0.332937	0.361808	0.382430	0.397897	0.409927	0.419550
0.538923	-0.358262	0.074236	0.218402	0.290485	0.333735	0.362568	0.383163	0.398609	0.410623	0.420234
0.542264	-0.356561	0.075370	0.219348	0.291336	0.334529	0.363325	0.383893	0.399319	0.411317	0.420916
0.545605	-0.354869	0.076500	0.220290	0.292185	0.335322	0.364079	0.384621	0.400027	0.412009	0.421595
0.548946	-0.353184	0.077625	0.221228	0.293030	0.336111	0.364832	0.385346	0.400732	0.412699	0.422273
0.552288	-0.351507	0.078746	0.222163	0.293872	0.336898	0.365581	0.386069	0.401436	0.413387	0.422948
0.555629	-0.349838	0.079862	0.223095	0.294712	0.337682	0.366328	0.386790	0.402137	0.414073	0.423622
0.558970	-0.348176	0.080973	0.224023	0.295548	0.338463	0.367073	0.387509	0.402835	0.414756	0.424293
0.562311	-0.346522	0.082080	0.224948	0.296382	0.339242	0.367815	0.388225	0.403532	0.415438	0.424962
0.565652	-0.344875	0.083183	0.225869	0.297212	0.340018	0.368555	0.388939	0.404227	0.416117	0.425630
0.568993	-0.343236	0.084281	0.226787	0.298040	0.340792	0.369293	0.389651	0.404919	0.416795	0.426295
0.572334	-0.341603	0.085375	0.227702	0.298865	0.341563	0.370028	0.390360	0.405609	0.417470	0.426958
0.575676	-0.339978	0.086465	0.228613	0.299687	0.342331	0.370761	0.391068	0.406298	0.418143	0.427620
0.579017	-0.338360	0.087551	0.229521	0.300506	0.343097	0.371491	0.391773	0.406984	0.418815	0.428279
0.582358	-0.336749	0.088632	0.230426	0.301323	0.343861	0.372220	0.392476	0.407668	0.419484	0.428937
0.585699	-0.335145	0.089709	0.231327	0.302137	0.344622	0.372946	0.393177	0.408350	0.420152	0.429593
0.589040	-0.333548	0.090782	0.232226	0.302948	0.345381	0.373669	0.393876	0.409030	0.420817	0.430247
0.592381	-0.331958	0.091851	0.233121	0.303756	0.346137	0.374391	0.394572	0.409708	0.421481	0.430899
0.595722	-0.330375	0.092916	0.234013	0.304562	0.346891	0.375110	0.395267	0.410385	0.422143	0.431549
0.599064	-0.328798	0.093977	0.234902	0.305365	0.347643	0.375828	0.395960	0.411059	0.422803	0.432198
0.602405	-0.327228	0.095034	0.235788	0.306166	0.348392	0.376543	0.396650	0.411731	0.423461	0.432844
0.605746	-0.325664	0.096088	0.236671	0.306963	0.349139	0.377255	0.397339	0.412401	0.424117	0.433489
0.609087	-0.324107	0.097137	0.237551	0.307759	0.349883	0.377966	0.398025	0.413070	0.424771	0.434132
0.612428	-0.322557	0.098182	0.238428	0.308552	0.350626	0.378675	0.398710	0.413736	0.425424	0.434773
0.615769	-0.321013	0.099224	0.239303	0.309342	0.351366	0.379381	0.399393	0.414401	0.426074	0.435413
0.619110	-0.319475	0.100262	0.240174	0.310130	0.352103	0.380086	0.400073	0.415064	0.426723	0.436051
0.622452	-0.317943	0.101296	0.241042	0.310915	0.352839	0.380788	0.400752	0.415725	0.427370	0.436687
0.625793	-0.316418	0.102326	0.241907	0.311698	0.353572	0.381489	0.401429	0.416384	0.428016	0.437321
0.629134	-0.314899	0.103353	0.242770	0.312478	0.354304	0.382187	0.402104	0.417041	0.428659	0.437954
0.632475	-0.313386	0.104376	0.243630	0.313256	0.355033	0.382883	0.402777	0.417697	0.429301	0.438585
0.635816	-0.311879	0.105395	0.244486	0.314032	0.355759	0.383578	0.403448	0.418351	0.429941	0.439214
0.639157	-0.310378	0.106411	0.245341	0.314805	0.356484	0.384270	0.404117	0.419002	0.430580	0.439842
0.642498	-0.308883	0.107423	0.246192	0.315576	0.357207	0.384961	0.404785	0.419653	0.431217	0.440468
0.645839	-0.307393	0.108432	0.247041	0.316345	0.357927	0.385649	0.405450	0.420301	0.431852	0.441092
0.649181	-0.305910	0.109437	0.247886	0.317111	0.358646	0.386336	0.406114	0.420948	0.432485	0.441715
0.652522	-0.304432	0.110439	0.248730	0.317875	0.359362	0.387020	0.406776	0.421593	0.433117	0.442336
0.655863	-0.302961	0.111438	0.249570	0.318637	0.360076	0.387703	0.407436	0.422236	0.433747	0.442956
0.659204	-0.301494	0.112433	0.250408	0.319396	0.360789	0.388384	0.408095	0.422878	0.434376	0.443574
0.662545	-0.300034	0.113424	0.251244	0.320153	0.361499	0.389063	0.408751	0.423518	0.435003	0.444191
0.665886	-0.298579	0.114412	0.252076	0.320908	0.362207	0.389740	0.409406	0.424156	0.435628	0.444806
0.669227	-0.297129	0.115397	0.252906	0.321661	0.362914	0.390415	0.410060	0.424793	0.436252	0.445419
0.672569	-0.295686	0.116379	0.253734	0.322411	0.363618	0.391089	0.410711	0.425428	0.436874	0.446031
0.675910	-0.294247	0.117358	0.254559	0.323160	0.364320	0.391761	0.411361	0.426061	0.437494	0.446641
0.679251	-0.292814	0.118333	0.255382	0.323906	0.365021	0.392430	0.412009	0.426693	0.438113	0.447250
0.682592	-0.291386	0.119305	0.256202	0.324650	0.365719	0.393099	0.412655	0.427323	0.438731	0.447857
0.685933	-0.289964	0.120274	0.257019	0.325392	0.366416	0.393765	0.413300	0.427951	0.439347	0.448463
0.689274	-0.288546	0.121239	0.257834	0.326132	0.367111	0.394430	0.413943	0.428578	0.439961	0.449068
0.692615	-0.287134	0.122202	0.258647	0.326870	0.367803	0.395092	0.414585	0.429204	0.440574	0.449671
0.695957	-0.285728	0.123161	0.259457	0.327605	0.368494	0.395754	0.415224	0.429828	0.441186	0.450272
0.699298	-0.284326	0.124117	0.260265	0.328339	0.369183	0.396413	0.415863	0.430450	0.441796	0.450872
0.702639	-0.282929	0.125071	0.261071	0.329071	0.369871	0.397071	0.416499	0.431071	0.442404	0.451471
0.705980	-0.281538	0.126021	0.261874	0.329800	0.370556	0.397727	0.417134	0.431690	0.443011	0.452068
0.709321	-0.280151	0.126968	0.262675	0.330528	0.371240	0.398381	0.417768	0.432308	0.443617	0.452664
0.712662	-0.278769	0.127912	0.263473	0.331253	0.371922	0.399034	0.418400	0.432924	0.444221	0.453258
0.716003	-0.277393	0.128854	0.264269	0.331977	0.372602	0.399685	0.419030	0.433539	0.444823	0.453851
0.719344	-0.276021	0.129792	0.265063	0.332699	0.373280	0.400334	0.419659	0.434152	0.445424	0.454443
0.722686	-0.274654	0.130728	0.265855	0.333418	0.373956	0.400982	0.420286	0.434764	0.446024	0.455033
0.726027	-0.273292	0.131660	0.266644	0.334136	0.374631	0.401628	0.420911	0.435374	0.446623	0.455622
0.729368	-0.271934	0.132590	0.267431	0.334852	0.375304	0.402273	0.421536	0.435983	0.447220	0.456209
0.732709	-0.270582	0.133517	0.268216	0.335566	0.375976	0.402916	0.422158	0.436590	0.447815	0.456795
0.736050	-0.269234	0.134441	0.268999	0.336278	0.376645	0.403557	0.422779	0.437196	0.448410	0.457380
0.739391	-0.267890	0.135362	0.269779	0.336988	0.377313	0.404197	0.423399	0.437801	0.449002	0.457964
0.742732	-0.266551	0.136280	0.270558	0.337696	0.377979	0.404835	0.424017	0.438404	0.449594	0.458546
0.746074	-0.265217	0.137196	0.271334	0.338403	0.378644	0.405472	0.424634	0.439006	0.450184	0.459127
0.749415	-0.263888	0.138109	0.272108	0.339107	0.379307	0.406107	0.425249	0.439606	0.450773	0.459706
0.752756	-0.262563	0.139019	0.272880	0.339810	0.379968	0.406740	0.425863	0.440205	0.451360	0.460285
0.756097	-0.261242	0.139927	0.273650	0.340511	0.380628	0.407372	0.426476	0.440803	0.451947	0.460862
0.759438	-0.259926	0.140832	0.274417	0.341210	0.381286	0.408003	0.427087	0.441399	0.452532	0.461437
0.762779	-0.258614	0.141734	0.275183	0.341907	0.381942	0.408632	0.427696	0.441994	0.453115	0.462012
0.766120	-0.257306	0.142633	0.275946	0.342603	0.382597	0.409260	0.428304	0.442588	0.453697	0.462585
0.769462	-0.256003	0.143530	0.276708	0.343297	0.383250	0.409886	0.428911	0.443180	0.454278	0.463157
0.772803	-0.254705	0.144424	0.277467	0.343989	0.383902	0.410510	0.429517	0.443771	0.454858	0.463728
0.776144	-0.253410	0.145316	0.278225	0.344679	0.384552	0.411134	0.430121	0.444361	0.455436	0.464297
0.779485	-0.252120	0.146205	0.278980	0.345368	0.385200	0.411755	0.430723	0.444949	0.456014	0.464865
0.782826	-0.250834	0.147092	0.279734	0.346055	0.385847	0.412376	0.431324	0.445536	0.456590	0.465432
0.786167	-0.249552	0.147976	0.280485	0.346740	0.386493	0.412995	0.431924	0.446122	0.457164	0.465998
0.789508	-0.248274	0.148858	0.281235	0.347423	0.387137	0.413612	0.432523	0.446706	0.457738	0.466563
0.792849	-0.247000	0.149737	0.281982	0.348105	0.387779	0.414228	0.433120	0.447289	0.458310	0.467126
0.796191	-0.245731	0.150613	0.282728	0.348785	0.388420	0.414843	0.433716	0.447871	0.458881	0.467689
0.799532	-0.244465	0.151487	0.283472	0.349464	0.389059	0.415456	0.434311	0.448452	0.459451	0.468250
0.802873	-0.243204	0.152359	0.284213	0.350141	0.389697	0.416068	0.434904	0.449031	0.460019	0.468810
0.806214	-0.241946	0.153228	0.284953	0.350816	0.390333	0.416678	0.435496	0.449610	0.460587	0.469368
0.809555	-0.240693	0.154095	0.285691	0.351489	0.390968	0.417287	0.436087	0.450186	0.461153	0.469926
0.812896	-0.239443	0.154960	0.286427	0.352161	0.391602	0.417895	0.436676	0.450762	0.461718	0.470482
0.816237	-0.238198	0.155822	0.287162	0.352832	0.392234	0.418502	0.437264	0.451337	0.462282	0.471038
0.819579	-0.236956	0.156682	0.287894	0.353500	0.392864	0.419107	0.437851	0.451910	0.462844	0.471592
0.822920	-0.235718	0.157539	0.288625	0.354168	0.393493	0.419710	0.438437	0.452482	0.463406	0.472145
0.826261	-0.234484	0.158394	0.289354	0.354833	0.394121	0.420313	0.439021	0.453053	0.463966	0.472697
0.829602	-0.233254	0.159247	0.290081	0.355497	0.394747	0.420914	0.439605	0.453622	0.464525	0.473247
0.832943	-0.232027	0.160097	0.290806	0.356160	0.395372	0.421514	0.440186	0.454191	0.465083	0.473797
0.836284	-0.230804	0.160946	0.291529	0.356821	0.395996	0.422112	0.440767	0.454758	0.465640	0.474346
0.839625	-0.229585	0.161792	0.292251	0.357480	0.396618	0.422710	0.441347	0.455324	0.466196	0.474893
0.842967	-0.228370	0.162635	0.292970	0.358138	0.397239	0.423306	0.441925	0.455889	0.466751	0.475440
0.846308	-0.227158	0.163477	0.293689	0.358794	0.397858	0.423900	0.442502	0.456453	0.467304	0.475985
0.849649	-0.225950	0.164316	0.294405	0.359449	0.398476	0.424494	0.443078	0.457016	0.467857	0.476529
0.852990	-0.224746	0.165153	0.295119	0.360103	0.399093	0.425086	0.443652	0.457577	0.468408	0.477072
0.856331	-0.223545	0.165988	0.295832	0.360755	0.399708	0.425677	0.444226	0.458138	0.468958	0.477614
0.859672	-0.222348	0.166821	0.296544	0.361405	0.400322	0.426266	0.444798	0.458697	0.469507	0.478156
0.863013	-0.221154	0.167651	0.297253	0.362054	0.400934	0.426855	0.445369	0.459255	0.470055	0.478696
0.866355	-0.219964	0.168480	0.297961	0.362701	0.401546	0.427442	0.445939	0.459812	0.470602	0.479235
0.869696	-0.218778	0.169306	0.298667	0.363347	0.402156	0.428028	0.446508	0.460368	0.471148	0.479772
0.873037	-0.217594	0.170130	0.299371	0.363992	0.402764	0.428613	0.447076	0.460923	0.471693	0.480309
0.876378	-0.216415	0.170952	0.300074	0.364635	0.403372	0.429196	0.447642	0.461477	0.472237	0.480845
0.879719	-0.215238	0.171772	0.300775	0.365277	0.403978	0.429779	0.448208	0.462030	0.472780	0.481380
0.883060	-0.214065	0.172590	0.301475	0.365917	0.404583	0.430360	0.448772	0.462581	0.473322	0.481914
0.886401	-0.212896	0.173405	0.302173	0.366556	0.405186	0.430940	0.449335	0.463132	0.473862	0.482447
0.889742	-0.211730	0.174219	0.302869	0.367194	0.405789	0.431519	0.449897	0.463681	0.474402	0.482978
0.893084	-0.210567	0.175031	0.303564	0.367830	0.406390	0.432096	0.450458	0.464229	0.474940	0.483509
0.896425	-0.209408	0.175841	0.304257	0.368465	0.406989	0.432673	0.451018	0.464777	0.475478	0.484039
0.899766	-0.208251	0.176648	0.304948	0.369098	0.407588	0.433248	0.451577	0.465323	0.476015	0.484568
0.903107	-0.207098	0.177454	0.305638	0.369730	0.408185	0.433822	0.452134	0.465868	0.476550	0.485096
0.906448	-0.205949	0.178258	0.306326	0.370361	0.408781	0.434395	0.452691	0.466412	0.477085	0.485623
0.909789	-0.204802	0.179059	0.307013	0.370990	0.409376	0.434967	0.453246	0.466956	0.477618	0.486149
0.913130	-0.203659	0.179859	0.307698	0.371618	0.409970	0.435538	0.453801	0.467498	0.478151	0.486674
0.916472	-0.202519	0.180657	0.308382	0.372245	0.410562	0.436107	0.454354	0.468039	0.478683	0.487198
0.919813	-0.201382	0.181453	0.309064	0.372870	0.411154	0.436676	0.454906	0.468579	0.479213	0.487721
0.923154	-0.200249	0.182247	0.309745	0.373494	0.411744	0.437243	0.455457	0.469118	0.479743	0.488243
0.926495	-0.199118	0.183039	0.310424	0.374117	0.412333	0.437810	0.456008	0.469656	0.480271	0.488764
0.929836	-0.197991	0.183829	0.311102	0.374738	0.412920	0.438375	0.456557	0.470193	0.480799	0.489284
0.933177	-0.196866	0.184617	0.311778	0.375358	0.413507	0.438939	0.457105	0.470729	0.481326	0.489803
0.936518	-0.195745	0.185403	0.312453	0.375977	0.414092	0.439502	0.457652	0.471264	0.481852	0.490322
0.939860	-0.194627	0.186188	0.313126	0.376595	0.414676	0.440064	0.458198	0.471798	0.482377	0.490839
0.943201	-0.193512	0.186970	0.313797	0.377211	0.415259	0.440625	0.458743	0.472331	0.482900	0.491356
0.946542	-0.192399	0.187751	0.314468	0.377826	0.415841	0.441184	0.459287	0.472864	0.483423	0.491871
0.949883	-0.191290	0.188530	0.315136	0.378440	0.416422	0.441743	0.459830	0.473395	0.483945	0.492386
0.953224	-0.190184	0.189307	0.315804	0.379052	0.417001	0.442301	0.460372	0.473925	0.484466	0.492900
0.956565	-0.189081	0.190082	0.316470	0.379664	0.417580	0.442857	0.460913	0.474454	0.484987	0.493412
0.959906	-0.187981	0.190856	0.317134	0.380274	0.418157	0.443413	0.461453	0.474983	0.485506	0.493924
0.963247	-0.186883	0.191627	0.317797	0.380882	0.418733	0.443967	0.461992	0.475510	0.486024	0.494436
0.966589	-0.185789	0.192397	0.318459	0.381490	0.419309	0.444521	0.462530	0.476036	0.486542	0.494946
0.969930	-0.184697	0.193165	0.319119	0.382096	0.419883	0.445073	0.463067	0.476562	0.487058	0.495455
0.973271	-0.183608	0.193932	0.319778	0.382702	0.420455	0.445625	0.463603	0.477086	0.487574	0.495963
0.976612	-0.182523	0.194696	0.320436	0.383305	0.421027	0.446175	0.464138	0.477610	0.488088	0.496471
0.979953	-0.181440	0.195459	0.321092	0.383908	0.421598	0.446725	0.464672	0.478133	0.488602	0.496978
0.983294	-0.180359	0.196220	0.321747	0.384510	0.422168	0.447273	0.465205	0.478655	0.489115	0.497484
0.986635	-0.179282	0.196979	0.322400	0.385110	0.422736	0.447820	0.465738	0.479176	0.489627	0.497989
0.989977	-0.178207	0.197737	0.323052	0.385709	0.423304	0.448367	0.466269	0.479695	0.490138	0.498493
0.993318	-0.177135	0.198493	0.323703	0.386307	0.423870	0.448912	0.466799	0.480215	0.490649	0.498996
0.996659	-0.176066	0.199247	0.324352	0.386904	0.424436	0.449457	0.467329	0.480733	0.491158	0.499498
1.000000	-0.175000	0.200000	0.325000	0.387500	0.425000	0.450000	0.467857	0.481250	0.491667	0.500000
