beta	i	thpar	thperp	rpar	rperp	
1.000e-02	0.000e+00	0.000e+00	1.571e+00	1.000e+00	1.923e+00	
1.000e-02	5.548e-03	1.027e-02	1.571e+00	1.000e+00	1.923e+00	
1.000e-02	1.110e-02	2.055e-02	1.571e+00	1.000e+00	1.923e+00	
1.000e-02	1.664e-02	3.082e-02	1.571e+00	1.000e+00	1.923e+00	
1.000e-02	2.219e-02	4.110e-02	1.571e+00	1.000e+00	1.923e+00	
1.000e-02	2.774e-02	5.137e-02	1.572e+00	1.000e+00	1.923e+00	
1.000e-02	3.329e-02	6.165e-02	1.572e+00	1.000e+00	1.924e+00	
1.000e-02	3.883e-02	7.192e-02	1.572e+00	1.001e+00	1.924e+00	
1.000e-02	4.438e-02	8.220e-02	1.573e+00	1.001e+00	1.924e+00	
1.000e-02	4.993e-02	9.248e-02	1.573e+00	1.001e+00	1.925e+00	
1.000e-02	5.548e-02	1.028e-01	1.574e+00	1.001e+00	1.925e+00	
1.000e-02	6.103e-02	1.130e-01	1.574e+00	1.002e+00	1.926e+00	
1.000e-02	6.657e-02	1.233e-01	1.575e+00	1.002e+00	1.927e+00	
1.000e-02	7.212e-02	1.336e-01	1.576e+00	1.002e+00	1.927e+00	
1.000e-02	7.767e-02	1.439e-01	1.577e+00	1.003e+00	1.928e+00	
1.000e-02	8.322e-02	1.542e-01	1.578e+00	1.003e+00	1.929e+00	
1.000e-02	8.876e-02	1.645e-01	1.578e+00	1.003e+00	1.930e+00	
1.000e-02	9.431e-02	1.748e-01	1.579e+00	1.004e+00	1.931e+00	
1.000e-02	9.986e-02	1.851e-01	1.580e+00	1.004e+00	1.932e+00	
1.000e-02	1.054e-01	1.954e-01	1.582e+00	1.005e+00	1.933e+00	
1.000e-02	1.110e-01	2.057e-01	1.583e+00	1.005e+00	1.934e+00	
1.000e-02	1.165e-01	2.160e-01	1.584e+00	1.006e+00	1.935e+00	
1.000e-02	1.221e-01	2.263e-01	1.585e+00	1.006e+00	1.936e+00	
1.000e-02	1.276e-01	2.366e-01	1.587e+00	1.007e+00	1.938e+00	
1.000e-02	1.331e-01	2.469e-01	1.588e+00	1.008e+00	1.939e+00	
1.000e-02	1.387e-01	2.572e-01	1.589e+00	1.008e+00	1.940e+00	
1.000e-02	1.442e-01	2.675e-01	1.591e+00	1.009e+00	1.942e+00	
1.000e-02	1.498e-01	2.779e-01	1.593e+00	1.010e+00	1.943e+00	
1.000e-02	1.553e-01	2.882e-01	1.594e+00	1.010e+00	1.945e+00	
1.000e-02	1.609e-01	2.985e-01	1.596e+00	1.011e+00	1.947e+00	
1.000e-02	1.664e-01	3.089e-01	1.598e+00	1.012e+00	1.948e+00	
1.000e-02	1.720e-01	3.192e-01	1.599e+00	1.013e+00	1.950e+00	
1.000e-02	1.775e-01	3.295e-01	1.601e+00	1.014e+00	1.952e+00	
1.000e-02	1.831e-01	3.399e-01	1.603e+00	1.014e+00	1.954e+00	
1.000e-02	1.886e-01	3.502e-01	1.605e+00	1.015e+00	1.956e+00	
1.000e-02	1.942e-01	3.606e-01	1.607e+00	1.016e+00	1.958e+00	
1.000e-02	1.997e-01	3.710e-01	1.609e+00	1.017e+00	1.960e+00	
1.000e-02	2.053e-01	3.813e-01	1.612e+00	1.018e+00	1.962e+00	
1.000e-02	2.108e-01	3.917e-01	1.614e+00	1.019e+00	1.964e+00	
1.000e-02	2.164e-01	4.021e-01	1.616e+00	1.020e+00	1.966e+00	
1.000e-02	2.219e-01	4.125e-01	1.618e+00	1.021e+00	1.969e+00	
1.000e-02	2.275e-01	4.229e-01	1.621e+00	1.023e+00	1.971e+00	
1.000e-02	2.330e-01	4.333e-01	1.623e+00	1.024e+00	1.974e+00	
1.000e-02	2.386e-01	4.437e-01	1.626e+00	1.025e+00	1.976e+00	
1.000e-02	2.441e-01	4.541e-01	1.628e+00	1.026e+00	1.979e+00	
1.000e-02	2.497e-01	4.645e-01	1.631e+00	1.027e+00	1.981e+00	
1.000e-02	2.552e-01	4.749e-01	1.634e+00	1.029e+00	1.984e+00	
1.000e-02	2.607e-01	4.854e-01	1.636e+00	1.030e+00	1.987e+00	
1.000e-02	2.663e-01	4.958e-01	1.639e+00	1.031e+00	1.990e+00	
1.000e-02	2.718e-01	5.063e-01	1.642e+00	1.032e+00	1.993e+00	
1.000e-02	2.774e-01	5.167e-01	1.645e+00	1.034e+00	1.996e+00	
1.000e-02	2.829e-01	5.272e-01	1.648e+00	1.035e+00	1.999e+00	
1.000e-02	2.885e-01	5.376e-01	1.651e+00	1.037e+00	2.002e+00	
1.000e-02	2.940e-01	5.481e-01	1.654e+00	1.038e+00	2.005e+00	
1.000e-02	2.996e-01	5.586e-01	1.657e+00	1.040e+00	2.009e+00	
1.000e-02	3.051e-01	5.691e-01	1.660e+00	1.041e+00	2.012e+00	
1.000e-02	3.107e-01	5.796e-01	1.663e+00	1.043e+00	2.015e+00	
1.000e-02	3.162e-01	5.901e-01	1.667e+00	1.044e+00	2.019e+00	
1.000e-02	3.218e-01	6.006e-01	1.670e+00	1.046e+00	2.023e+00	
1.000e-02	3.273e-01	6.112e-01	1.673e+00	1.048e+00	2.026e+00	
1.000e-02	3.329e-01	6.217e-01	1.677e+00	1.049e+00	2.030e+00	
1.000e-02	3.384e-01	6.323e-01	1.680e+00	1.051e+00	2.034e+00	
1.000e-02	3.440e-01	6.428e-01	1.684e+00	1.053e+00	2.038e+00	
1.000e-02	3.495e-01	6.534e-01	1.687e+00	1.055e+00	2.042e+00	
1.000e-02	3.551e-01	6.640e-01	1.691e+00	1.057e+00	2.046e+00	
1.000e-02	3.606e-01	6.746e-01	1.695e+00	1.059e+00	2.050e+00	
1.000e-02	3.662e-01	6.852e-01	1.698e+00	1.060e+00	2.054e+00	
1.000e-02	3.717e-01	6.958e-01	1.702e+00	1.062e+00	2.059e+00	
1.000e-02	3.773e-01	7.064e-01	1.706e+00	1.064e+00	2.063e+00	
1.000e-02	3.828e-01	7.170e-01	1.710e+00	1.066e+00	2.068e+00	
1.000e-02	3.883e-01	7.277e-01	1.714e+00	1.069e+00	2.072e+00	
1.000e-02	3.939e-01	7.384e-01	1.718e+00	1.071e+00	2.077e+00	
1.000e-02	3.994e-01	7.490e-01	1.722e+00	1.073e+00	2.082e+00	
1.000e-02	4.050e-01	7.597e-01	1.726e+00	1.075e+00	2.087e+00	
1.000e-02	4.105e-01	7.704e-01	1.730e+00	1.077e+00	2.092e+00	
1.000e-02	4.161e-01	7.811e-01	1.735e+00	1.080e+00	2.097e+00	
1.000e-02	4.216e-01	7.918e-01	1.739e+00	1.082e+00	2.102e+00	
1.000e-02	4.272e-01	8.026e-01	1.743e+00	1.084e+00	2.107e+00	
1.000e-02	4.327e-01	8.133e-01	1.748e+00	1.087e+00	2.113e+00	
1.000e-02	4.383e-01	8.241e-01	1.752e+00	1.089e+00	2.118e+00	
1.000e-02	4.438e-01	8.349e-01	1.757e+00	1.091e+00	2.124e+00	
1.000e-02	4.494e-01	8.457e-01	1.761e+00	1.094e+00	2.129e+00	
1.000e-02	4.549e-01	8.565e-01	1.766e+00	1.097e+00	2.135e+00	
1.000e-02	4.605e-01	8.673e-01	1.770e+00	1.099e+00	2.141e+00	
1.000e-02	4.660e-01	8.781e-01	1.775e+00	1.102e+00	2.147e+00	
1.000e-02	4.716e-01	8.890e-01	1.780e+00	1.105e+00	2.153e+00	
1.000e-02	4.771e-01	8.998e-01	1.785e+00	1.107e+00	2.159e+00	
1.000e-02	4.827e-01	9.107e-01	1.790e+00	1.110e+00	2.166e+00	
1.000e-02	4.882e-01	9.216e-01	1.794e+00	1.113e+00	2.172e+00	
1.000e-02	4.938e-01	9.325e-01	1.799e+00	1.116e+00	2.179e+00	
1.000e-02	4.993e-01	9.435e-01	1.804e+00	1.119e+00	2.185e+00	
1.000e-02	5.049e-01	9.544e-01	1.809e+00	1.122e+00	2.192e+00	
1.000e-02	5.104e-01	9.654e-01	1.814e+00	1.125e+00	2.199e+00	
1.000e-02	5.159e-01	9.764e-01	1.820e+00	1.128e+00	2.206e+00	
1.000e-02	5.215e-01	9.874e-01	1.825e+00	1.131e+00	2.214e+00	
1.000e-02	5.270e-01	9.984e-01	1.830e+00	1.134e+00	2.221e+00	
1.000e-02	5.326e-01	1.009e+00	1.835e+00	1.137e+00	2.228e+00	
1.000e-02	5.381e-01	1.021e+00	1.841e+00	1.141e+00	2.236e+00	
1.000e-02	5.437e-01	1.032e+00	1.846e+00	1.144e+00	2.244e+00	
1.000e-02	5.492e-01	1.043e+00	1.852e+00	1.147e+00	2.252e+00	
1.000e-02	5.548e-01	1.054e+00	1.857e+00	1.151e+00	2.260e+00	
1.000e-02	5.603e-01	1.065e+00	1.863e+00	1.154e+00	2.268e+00	
1.000e-02	5.659e-01	1.076e+00	1.868e+00	1.158e+00	2.277e+00	
1.000e-02	5.714e-01	1.087e+00	1.874e+00	1.161e+00	2.285e+00	
1.000e-02	5.770e-01	1.099e+00	1.879e+00	1.165e+00	2.294e+00	
1.000e-02	5.825e-01	1.110e+00	1.885e+00	1.169e+00	2.303e+00	
1.000e-02	5.881e-01	1.121e+00	1.891e+00	1.173e+00	2.312e+00	
1.000e-02	5.936e-01	1.132e+00	1.897e+00	1.177e+00	2.321e+00	
1.000e-02	5.992e-01	1.144e+00	1.903e+00	1.181e+00	2.330e+00	
1.000e-02	6.047e-01	1.155e+00	1.909e+00	1.185e+00	2.340e+00	
1.000e-02	6.103e-01	1.166e+00	1.915e+00	1.189e+00	2.350e+00	
1.000e-02	6.158e-01	1.178e+00	1.921e+00	1.193e+00	2.360e+00	
1.000e-02	6.214e-01	1.189e+00	1.927e+00	1.197e+00	2.370e+00	
1.000e-02	6.269e-01	1.201e+00	1.933e+00	1.201e+00	2.380e+00	
1.000e-02	6.325e-01	1.212e+00	1.939e+00	1.206e+00	2.391e+00	
1.000e-02	6.380e-01	1.224e+00	1.945e+00	1.210e+00	2.401e+00	
1.000e-02	6.435e-01	1.235e+00	1.951e+00	1.214e+00	2.412e+00	
1.000e-02	6.491e-01	1.247e+00	1.958e+00	1.219e+00	2.424e+00	
1.000e-02	6.546e-01	1.258e+00	1.964e+00	1.224e+00	2.435e+00	
1.000e-02	6.602e-01	1.270e+00	1.971e+00	1.228e+00	2.447e+00	
1.000e-02	6.657e-01	1.281e+00	1.977e+00	1.233e+00	2.459e+00	
1.000e-02	6.713e-01	1.293e+00	1.983e+00	1.238e+00	2.471e+00	
1.000e-02	6.768e-01	1.305e+00	1.990e+00	1.243e+00	2.483e+00	
1.000e-02	6.824e-01	1.317e+00	1.997e+00	1.248e+00	2.496e+00	
1.000e-02	6.879e-01	1.328e+00	2.003e+00	1.253e+00	2.509e+00	
1.000e-02	6.935e-01	1.340e+00	2.010e+00	1.258e+00	2.522e+00	
1.000e-02	6.990e-01	1.352e+00	2.017e+00	1.264e+00	2.536e+00	
1.000e-02	7.046e-01	1.364e+00	2.024e+00	1.269e+00	2.549e+00	
1.000e-02	7.101e-01	1.376e+00	2.030e+00	1.275e+00	2.563e+00	
1.000e-02	7.157e-01	1.388e+00	2.037e+00	1.280e+00	2.578e+00	
1.000e-02	7.212e-01	1.400e+00	2.044e+00	1.286e+00	2.593e+00	
1.000e-02	7.268e-01	1.412e+00	2.051e+00	1.292e+00	2.608e+00	
1.000e-02	7.323e-01	1.424e+00	2.058e+00	1.298e+00	2.623e+00	
1.000e-02	7.379e-01	1.436e+00	2.065e+00	1.304e+00	2.639e+00	
1.000e-02	7.434e-01	1.448e+00	2.072e+00	1.310e+00	2.655e+00	
1.000e-02	7.490e-01	1.460e+00	2.080e+00	1.316e+00	2.672e+00	
1.000e-02	7.545e-01	1.472e+00	2.087e+00	1.322e+00	2.688e+00	
1.000e-02	7.600e-01	1.485e+00	2.094e+00	1.329e+00	2.706e+00	
1.000e-02	7.656e-01	1.497e+00	2.101e+00	1.335e+00	2.724e+00	
1.000e-02	7.711e-01	1.509e+00	2.109e+00	1.342e+00	2.742e+00	
1.000e-02	7.767e-01	1.522e+00	2.116e+00	1.349e+00	2.760e+00	
1.000e-02	7.822e-01	1.534e+00	2.124e+00	1.356e+00	2.780e+00	
1.000e-02	7.878e-01	1.547e+00	2.131e+00	1.363e+00	2.799e+00	
1.000e-02	7.933e-01	1.559e+00	2.139e+00	1.370e+00	2.819e+00	
1.000e-02	7.989e-01	1.572e+00	2.147e+00	1.378e+00	2.840e+00	
1.000e-02	8.044e-01	1.585e+00	2.154e+00	1.385e+00	2.861e+00	
1.000e-02	8.100e-01	1.597e+00	2.162e+00	1.393e+00	2.883e+00	
1.000e-02	8.155e-01	1.610e+00	2.170e+00	1.401e+00	2.905e+00	
1.000e-02	8.211e-01	1.623e+00	2.178e+00	1.409e+00	2.928e+00	
1.000e-02	8.266e-01	1.636e+00	2.186e+00	1.417e+00	2.952e+00	
1.000e-02	8.322e-01	1.649e+00	2.193e+00	1.425e+00	2.977e+00	
1.000e-02	8.377e-01	1.662e+00	2.201e+00	1.434e+00	3.002e+00	
1.000e-02	8.433e-01	1.675e+00	2.210e+00	1.442e+00	3.028e+00	
1.000e-02	8.488e-01	1.688e+00	2.218e+00	1.451e+00	3.054e+00	
1.000e-02	8.544e-01	1.702e+00	2.226e+00	1.460e+00	3.082e+00	
1.000e-02	8.599e-01	1.715e+00	2.234e+00	1.470e+00	3.110e+00	
1.000e-02	8.655e-01	1.728e+00	2.242e+00	1.479e+00	3.140e+00	
1.000e-02	8.710e-01	1.742e+00	2.251e+00	1.489e+00	3.170e+00	
1.000e-02	8.766e-01	1.756e+00	2.259e+00	1.499e+00	3.201e+00	
1.000e-02	8.821e-01	1.769e+00	2.267e+00	1.509e+00	3.234e+00	
1.000e-02	8.876e-01	1.783e+00	2.276e+00	1.519e+00	3.267e+00	
1.000e-02	8.932e-01	1.797e+00	2.284e+00	1.530e+00	3.302e+00	
1.000e-02	8.987e-01	1.811e+00	2.293e+00	1.541e+00	3.338e+00	
1.000e-02	9.043e-01	1.825e+00	2.302e+00	1.552e+00	3.375e+00	
1.000e-02	9.098e-01	1.839e+00	2.310e+00	1.564e+00	3.414e+00	
1.000e-02	9.154e-01	1.853e+00	2.319e+00	1.575e+00	3.454e+00	
1.000e-02	9.209e-01	1.867e+00	2.328e+00	1.587e+00	3.496e+00	
1.000e-02	9.265e-01	1.882e+00	2.337e+00	1.600e+00	3.540e+00	
1.000e-02	9.320e-01	1.896e+00	2.346e+00	1.612e+00	3.586e+00	
1.000e-02	9.376e-01	1.911e+00	2.355e+00	1.626e+00	3.634e+00	
1.000e-02	9.431e-01	1.926e+00	2.364e+00	1.639e+00	3.683e+00	
1.000e-02	9.487e-01	1.941e+00	2.373e+00	1.653e+00	3.736e+00	
1.000e-02	9.542e-01	1.956e+00	2.382e+00	1.667e+00	3.790e+00	
1.000e-02	9.598e-01	1.971e+00	2.391e+00	1.682e+00	3.848e+00	
1.000e-02	9.653e-01	1.987e+00	2.400e+00	1.697e+00	3.908e+00	
1.000e-02	9.709e-01	2.002e+00	2.410e+00	1.712e+00	3.972e+00	
1.000e-02	9.764e-01	2.018e+00	2.419e+00	1.729e+00	4.039e+00	
1.000e-02	9.820e-01	2.034e+00	2.429e+00	1.745e+00	4.110e+00	
1.000e-02	9.875e-01	2.050e+00	2.438e+00	1.763e+00	4.185e+00	
1.000e-02	9.931e-01	2.066e+00	2.448e+00	1.780e+00	4.265e+00	
1.000e-02	9.986e-01	2.083e+00	2.457e+00	1.799e+00	4.350e+00	
1.000e-02	1.004e+00	2.099e+00	2.467e+00	1.818e+00	4.441e+00	
1.000e-02	1.010e+00	2.116e+00	2.477e+00	1.838e+00	4.539e+00	
1.000e-02	1.015e+00	2.134e+00	2.487e+00	1.859e+00	4.643e+00	
1.000e-02	1.021e+00	2.151e+00	2.497e+00	1.881e+00	4.756e+00	
1.000e-02	1.026e+00	2.169e+00	2.507e+00	1.903e+00	4.878e+00	
1.000e-02	1.032e+00	2.187e+00	2.517e+00	1.927e+00	5.011e+00	
1.000e-02	1.037e+00	2.205e+00	2.527e+00	1.952e+00	5.156e+00	
1.000e-02	1.043e+00	2.224e+00	2.537e+00	1.978e+00	5.315e+00	
1.000e-02	1.049e+00	2.244e+00	2.547e+00	2.005e+00	5.492e+00	
1.000e-02	1.054e+00	2.263e+00	2.557e+00	2.034e+00	5.688e+00	
1.000e-02	1.060e+00	2.284e+00	2.568e+00	2.065e+00	5.908e+00	
1.000e-02	1.065e+00	2.304e+00	2.578e+00	2.098e+00	6.158e+00	
1.000e-02	1.071e+00	2.326e+00	2.589e+00	2.133e+00	6.445e+00	
1.000e-02	1.076e+00	2.348e+00	2.599e+00	2.170e+00	6.778e+00	
1.000e-02	1.082e+00	2.371e+00	2.610e+00	2.211e+00	7.172e+00	
1.000e-02	1.087e+00	2.396e+00	2.620e+00	2.256e+00	7.648e+00	
1.000e-02	1.093e+00	2.421e+00	2.631e+00	2.305e+00	8.238e+00	
1.000e-02	1.098e+00	2.448e+00	2.642e+00	2.359e+00	8.997e+00	
1.000e-02	1.104e+00	2.478e+00	2.653e+00	2.422e+00	1.002e+01	
