Source	xi	r0	N6	D'	R0'/D'	Rc'/R0'	\beta	*	i	R0/D	D	R0	R0/r0	P(in)	P(wind)	P(in)/P(wind)	F(photo)	F(star)	F(ph)/F(*)
LV2	0.8	0.120	2.53	7.83	0.25	1.3	0.002		70	0.04	22.89	0.92	7.67	3.4e-7	9.3e-9	36.56	1.61e14	1.75e13	9.20
LV2	0.8	0.120	2.53	7.83	0.25	1.5	0.01		55	0.09	13.65	1.23	10.25	1.9e-7	2.6e-8	7.31	1.61e14	4.93e13	3.27
LV2	0.4	0.120	2.53	7.83	0.25	1.2	0.02		55	0.12	13.65	1.64	13.67	1.1e-7	2.6e-8	4.23	1.61e14	4.93e13	3.27
LV2	0.4	0.120	2.53	7.83	0.25	1.25	0.035	*	45	0.15	11.07	1.66	13.83	1.0e-7	4.0e-8	2.50	1.61e14	7.49e13	2.15
LV2	0.4	0.120	2.53	7.83	0.25	1.5	0.05	*	35	0.18	9.56	1.72	14.33	9.7e-8	5.3e-8	1.83	1.61e14	1.00e14	1.61
LV2	0.2	0.120	2.53	7.83	0.25	1.5	0.07	**	25	0.22	8.64	1.90	15.83	8.0e-8	6.5e-8	1.23	1.61e14	1.23e14	1.31
LV2	0.1	0.120	2.53	7.83	0.25	1.5	0.1	**	0	0.23	7.83	1.80	15.00	8.9e-8	7.9e-8	1.13	1.61e14	1.50e14	1.07
LV2b	1.0	0.038	4.13	7.01	0.095	2.0	0.002	*	50	0.04	10.91	0.44	11.58	2.4e-7	4.1e-8	5.85	1.38e14	7.72e13	1.79
LV2b	0.8	0.038	4.13	7.01	0.095	1.4	0.002	*	50	0.04	10.91	0.44	11.58	2.4e-7	4.1e-8	5.85	1.38e14	7.72e13	1.79
LV2b	0.8	0.038	4.13	7.01	0.095	1.55	0.005	**	40	0.065	9.15	0.59	15.53	1.4e-7	5.8e-8	2.41	1.38e14	1.10e14	1.25
LV2b	0.8	0.038	4.13	7.01	0.095	1.7	0.01	**	15	0.09	7.26	0.65	17.11	1.1e-7	9.2e-8	1.20	1.38e14	1.74e14	0.79
LV3	0.8	0.076	3.11	6.91	0.33	1.7	0.02	*	55	0.12	12.05	1.45	19.08	6.7e-8	3.3e-8	2.03	1.54e14	6.32e13	2.44
LV3	0.8	0.076	3.11	6.91	0.33	2.0	0.05	**	40	0.18	9.02	1.62	21.32	5.4e-8	6.0e-8	0.90	1.54e14	1.13e14	1.36
LV3	0.6	0.076	3.11	6.91	0.33	1.7	0.1	**	30	0.23	7.98	1.84	24.21	4.2e-8	7.6e-8	0.55	1.54e14	1.44e14	1.07
LV4	0.8	0.053	4.13	6.05	0.185	2.0	0.05	**	10	0.18	6.14	1.11	20.94	7.4e-8	1.3e-7	0.57	1.90e14	2.44e14	0.78
LV4	1.0	0.053	4.13	6.05	0.185	2.0	0.05	**	10	0.18	6.14	1.11	20.94	7.4e-8	1.3e-7	0.57	1.90e14	2.44e14	0.78
LV4	1.0	0.053	4.13	6.05	0.185	2.15	0.02	**	35	0.12	7.39	0.89	16.79	1.2e-7	8.9e-8	1.35	1.90e14	1.68e14	1.13
LV4	1.0	0.053	4.13	6.05	0.185	2.25	0.01	*	45	0.09	8.56	0.77	14.53	1.5e-7	6.6e-8	2.27	1.90e14	1.25e14	1.52
LV4	1.0	0.053	4.13	6.05	0.185	2.3	0.005	*	50	0.065	9.41	0.61	11.51	2.5e-7	5.5e-8	4.55	1.90e14	1.04e14	1.83
LV4	1.0	0.053	4.13	6.05	0.185	2.5	0.0005		70	0.025	17.69	0.44	8.30	4.7e-7	1.6e-8	29.38	1.90e14	2.93e13	6.48
LV5	0.8	0.096	2.33	9.42	0.22	1.5	0.01		55	0.09	16.42	1.48	15.42	7.7e-8	1.8e-8	4.28	1.10e14	3.41e13	3.23
LV5	0.8	0.096	2.33	9.42	0.22	1.75	0.02	*	42	0.12	12.68	1.52	15.83	7.3e-8	3.0e-8	2.43	1.10e14	5.71e13	1.93
LV5	0.4	0.096	2.33	9.42	0.22	1.6	0.05	**	25	0.18	10.39	1.87	19.48	4.8e-8	4.5e-8	1.07	1.10e14	8.51e13	1.29
LV5	0.2	0.096	2.33	9.42	0.22	1.6	0.06	**	15	0.20	9.75	1.95	20.31	4.5e-8	5.1e-8	0.88	1.10e14	9.66e13	1.14
168-328	0.8	0.043	4.00	6.64	0.155	1.4	0.002		65	0.04	15.71	0.63	14.65	1.5e-7	2.0e-8	7.50	1.46e14	3.72e13	3.92
168-328	0.8	0.043	4.00	6.64	0.155	1.5	0.005	*	55	0.065	11.58	0.75	17.44	1.0e-7	3.6e-8	2.78	1.46e14	6.85e13	2.13
168-328	0.4	0.043	4.00	6.64	0.155	1.2	0.015	*	50	0.11	10.33	1.14	26.51	4.5e-8	4.6e-8	0.98	1.46e14	8.61e13	1.70
168-328	0.6	0.043	4.00	6.64	0.155	1.4	0.015	**	35	0.11	8.11	0.89	20.70	7.4e-8	7.4e-8	1.00	1.46e14	1.40e14	1.04
168-328	0.4	0.043	4.00	6.64	0.155	1.5	0.02	**	30	0.12	7.67	0.92	21.40	6.9e-8	8.3e-8	0.83	1.46e14	1.56e14	0.94
169-338	0.8	0.043	1.40	16.47	0.06	1.3	0.0005	*	60	0.025	32.94	0.82	19.07	3.0e-8	4.5e-9	6.67	1.88e13	8.46e12	2.22
169-338	0.8	0.043	1.40	16.47	0.06	1.45	0.001	**	50	0.03	25.62	0.77	17.91	3.4e-8	7.4e-9	4.59	1.88e13	1.40e13	1.34
169-338	0.8	0.043	1.40	16.47	0.06	1.55	0.002	**	35	0.04	20.11	0.80	18.60	3.2e-8	1.2e-8	2.67	1.88e13	2.27e13	0.83
169-338	0.8	0.043	1.40	16.47	0.06	1.6	0.004		0	0.06	16.47	0.99	23.02	2.1e-8	1.8e-8	1.17	1.88e13	3.39e13	0.55
177-341	0.8	0.310	0.41	25.84	0.14	1.2	0.0005		75	0.025	99.84	2.50	8.06	5.0e-8	4.9e-10	102.04	1.12e13	9.21e11	12.16
177-341	0.8	0.310	0.41	25.84	0.14	1.3	0.001		70	0.03	75.55	2.27	7.32	6.0e-8	8.5e-10	70.59	1.12e13	1.61e12	6.96
177-341	0.6	0.310	0.41	25.84	0.14	1.2	0.005	*	54	0.065	43.96	2.86	9.23	3.8e-8	2.5e-9	15.20	1.12e13	4.75e12	2.36
177-341	0.4	0.310	0.41	25.84	0.14	1.25	0.01	*	45	0.08	36.54	2.92	9.42	3.6e-8	3.6e-9	10.00	1.12e13	6.88e12	1.63
177-341	0.2	0.310	0.41	25.84	0.14	1.25	0.015	**	35	0.11	31.54	3.47	11.19	2.6e-8	4.9e-9	5.31	1.12e13	9.23e12	1.21
177-341	0.1	0.310	0.41	25.84	0.14	1.25	0.02	**	25	0.12	28.51	3.42	11.03	2.7e-8	6.0e-9	4.50	1.12e13	1.13e13	0.99
180-331	0.4	0.185	0.48	25.12	0.06	1.3	0.002	**	30	0.04	29.01	1.16	6.27	9.6e-8	5.8e-9	16.55	9.28e12	1.09e13	0.85
180-331	0.4	0.185	0.48	25.12	0.07	1.3	0.003	**	30	0.05	29.01	1.45	7.84	6.2e-8	5.8e-9	10.69	9.28e12	1.09e13	0.85
180-331	0.4	0.185	0.48	25.12	0.07	1.2	0.003	**	45	0.05	35.53	1.78	9.62	4.1e-8	3.9e-9	10.51	9.28e12	7.27e12	1.28
180-331	0.8	0.185	0.48	25.12	0.05	1.3	0.0005	*	55	0.025	43.80	1.10	5.95	1.1e-7	2.5e-9	44.00	9.28e12	4.79e12	1.94
180-331	0.8	0.185	0.48	25.12	0.075	1.3	0.0005		65	0.025	59.44	1.49	8.05	5.8e-8	1.4e-9	41.43	9.28e12	2.60e12	3.57
