  1 G000.1169-00.5703 17 48 07.01 -29 07 55.5 T                      Y  C  26.4   27  8.97  8.72   0.22 I
  2 G000.3100-01.0495 17 50 27.59 -29 12 46.8 T                      N  C   6.8  145 10.57 10.31   0.23 I
  3 G001.0563-00.1499 17 48 41.78 -28 06 37.8 T                      Y      6.2  200 11.14  9.8    1.22 H
  4 G001.2588-00.0780 17 48 53.40 -27 53 59.7 T                      N  C  10.2  215 12.28 11.22   0.96 FH
  5 G003.5118-00.0470 17 53 56.00 -25 56 50.3 T                      N      8.6  135 10.69  9.69   0.91 I
  6 G003.7391+00.1425 17 53 43.03 -25 39 19.2 T                      N      3.9   20 11.48  9.41   1.89 I
  7 G003.8417-01.0440 17 58 30.64 -26 09 49.1 T                      Y     12.6   25 10.22  9.87   0.31 FB
  8 G004.3087+00.2222 17 54 41.06 -25 07 25.6 T                      N     10.1  260 13.94 12.1    1.68 I
  9 G004.7315-00.3875 17 57 57.06 -25 03 53.6 T                      N  C  10.1  125 13.3  11.77   1.39 I
 10 G004.8449-00.9309 18 00 17.05 -25 14 14.7 T      HD314937        N      3.1  140  9.36  9.31   0.03 I
 11 G005.5941+00.7335 17 55 36.02 -23 45 21.8 T                      N      7.6  350  9.78  9.22   0.50 I
 12 G005.6985-00.6350 18 01 06.02 -24 21 34.4 T                      N     20.8  180 11.56  9.11   2.24 I
 13 G006.2812+23.5877 16 37 09.54 -10 34 01.5 V88    Zeta Oph        -    299.    30  2.59       -99.   I
 14 G006.2977-00.2012 18 00 40.59 -23 36 50.7 T                      N  C  24.   210 13.07 12.16   0.82 H
 15 G006.3600-00.1846 18 00 44.92 -23 33 06.3 T                      N      5.5  110  9.32  9.11   0.18 I
 16 G006.8933+00.0743 18 00 55.27 -22 57 36.9 T                      N  C  29.    65  8.73  8.36   0.33 I
 17 G007.5265-00.2652 18 03 33.49 -22 34 38.3 T                      N      4.1  350  9.06  8.11   0.86 I
 18 G008.3690+00.0239 18 04 15.53 -21 42 05.3 T                      N  C  27.    50  9.07  8.3    0.69 I
 19 G009.0177+00.1410 18 05 11.21 -21 04 43.3 T                      N      9.1  290  8.85  8.41   0.39 I
 20 G009.6852-00.2025 18 07 51.86 -20 39 48.8 T                      N      8.3  335 10.92  9.69   1.12 I
 21 G010.1395-00.0350 18 08 10.89 -20 11 06.4 T                      N     10.    20 10.34  9.58   0.69 FH
 22 G010.1641-00.0380 18 08 14.61 -20 09 54.2 T                      N      4.9   90 14.08 12.09   1.81 FH
 23 G010.2414-00.5411 18 10 14.55 -20 20 10.3 T                      N      5.6  245 11.64 10.23   1.28 FH
 24 G010.3576+00.1878 18 07 48.21 -19 53 10.4 T                      N      6.1  165 11.07  9.76   1.19 I
 25 G010.5863-00.4140 18 10 30.90 -19 58 39.4 T                      Y      7.8   35 12.94 10.29   2.42 FB
 26 G011.0709-00.5437 18 11 59.42 -19 36 55.4 T                      N      8.2   30  8.98  8.76   0.19 I
 27 G011.1189-00.5784 18 12 13.06 -19 35 23.9 T                      N      6.3   60  8.89  8.8    0.07 I
 28 G011.6548+00.4943 18 09 20.03 -18 36 11.5 T                      N     13.4  125  9.17  8.57   0.54 I
 29 G011.9160+00.7043 18 09 05.53 -18 16 22.7 T                      Y      9.2   85 11.88 11.21   0.60 I
 30 G011.9346+00.7785 18 08 51.41 -18 13 14.8 T                      N      4.7  175 12.16 10.39   1.61 FH
 31 G012.0200+00.8194 18 08 52.82 -18 07 34.5 T                      N     23.4  270  9.56  8.46   1.00 I
 32 G012.3407-00.3949 18 14 00.85 -18 25 47.3 T                      N  C   7.1   20 10.05  9.72   0.29 I
 33 G012.3661-00.1518 18 13 09.96 -18 17 27.9 T                      Y  C  13.1   55 12.34  9.88   2.25 I
 34 G012.6748+00.6519 18 10 49.61 -17 38 02.5 T                      N  C   4.1  335  9.83  9.12   0.64 FH
 35 G012.6765+00.6898 18 10 41.45 -17 36 51.3 T                      N     10.7   20 10.03  9.61   0.37 FH
 36 G012.8263-00.1278 18 14 00.28 -17 52 32.1 T                      Y      7.5  355 10.46  9.63   0.75 I
 37 G013.0398-00.2281 18 14 48.21 -17 44 09.6 T                      N  C   5.8   95 10.63 10.     0.57 I
 38 G013.2387+00.2138 18 13 34.47 -17 21 00.0 T                      N      5.1  255 12.7  10.59   1.92 I
 39 G013.4900+01.6618 18 08 46.51 -16 25 56.9 T                      12    73.   260  7.8   6.94   0.78 I
 40 G013.5120+00.2378 18 14 02.03 -17 05 54.8 T                      N      7.5  185 10.38  9.46   0.83 I
 41 G013.6983-00.1619 18 15 52.56 -17 07 32.2 T                      N  C   3.7  115 16.6  12.48   3.77 I
 42 G013.7085-00.2417 18 16 11.41 -17 09 16.7 T                      N  C   4.4  110       12.93 -99.   I
 43 G013.7925-00.2591 18 16 25.29 -17 05 20.5 T                      N      6.8   75  9.15  8.87   0.24 I
 44 G014.3151+00.1319 18 16 01.43 -16 26 36.0 T                      N     20.1  110 10.43  7.57   2.61 I
 45 G014.3196-00.1376 18 17 01.31 -16 34 03.2 T                      Y  C   4.3  245 10.38  9.78   0.54 I
 46 G014.4703-00.6427 18 19 10.60 -16 40 27.0 T                      Y     14.7  210  9.58  8.26   1.20 I
 47 G014.5184+00.2255 18 16 05.05 -16 13 11.9 T                      N      9.9   10  9.85  8.8    0.95 I
 48 G014.6202+00.8992 18 13 49.35 -15 48 32.5 T                      N  C   6.7  100  8.01  8.     0.00 I
 49 G014.6528-00.3700 18 18 32.06 -16 23 03.8 T                      N      6.1  230 10.93  9.59   1.22 I
 50 G014.6719-00.4770 18 18 57.91 -16 25 05.5 T                      Y      7.2  120  9.47  8.76   0.64 H
 51 G015.0749-00.6461 18 20 22.75 -16 08 34.2 P08-S1                 -      2.5  140  9.2   8.56   0.58 FH
 52 G015.0812-00.6570 18 20 25.91 -16 08 32.4 P08-S2                 -     14.5  135  8.2   7.5    0.63 FH
 53 G015.1032-00.6489 18 20 26.71 -16 07 09.1 P08-S3                 -      6.07 150  9.29  8.18   1.01 FH
 54 G015.0813-00.6570 18 05 58.84 -14 11 53.0 Pe12   HD165319        -  C  95.   260  6.45  6.06   0.35 I
 55 G015.2253+00.3578 18 16 59.88 -15 32 06.8 T                      N  C  18.   260 11.58 10.47   1.01 I
 56 G015.2977+00.3178 18 17 17.22 -15 29 25.8 T                      N  C  28.    20  8.95  8.58   0.33 I
 57 G015.3315-00.3692 18 19 52.02 -15 47 09.4 T                      Y      5.3  115 10.64  9.79   0.77 FH
 58 G015.3322-00.2538 18 19 26.74 -15 43 51.0 T                      N      6.5  175 10.58  9.89   0.62 I
 59 G015.8313-00.7623 18 22 17.11 -15 31 48.4 T                      N      4.7  260  9.98  9.12   0.78 I
 60 G016.4391-00.8109 18 23 38.70 -15 00 58.1 T                      N  C   9.7   15 10.36  9.32   0.94 I
 61 G016.8118+00.6679 18 18 58.73 -13 59 28.7 T      HD168183        N     23.1  355  7.44  7.34   0.08 FH
 62 G016.8760+00.6456 18 19 11.09 -13 56 43.0 T      BD-13 4936      N      5.5  345  8.43  6.79   1.49 FH
 63 G016.8930+00.6800 18 19 05.58 -13 54 50.6 T      BD-13 4934      Y      3.5  300  8.64  8.57   0.05 FH
 64 G016.8993-01.1152 18 25 38.90 -14 45 05.7 Pe15   BD-14 5040      -     24.   120  7.89  7.6    0.25 I
 65 G016.9278+00.6323 18 19 20.04 -13 54 21.3 T      BD-13 4937      N      4.2  330  9.52  9.28   0.21 FH
 66 G016.9848+01.7482 18 15 23.97 -13 19 35.3 GB08                   -     61.   320  7.68  7.25   0.38 I
 67 G017.0826+00.9744 18 18 23.65 -13 36 27.9 T      ALS 15348       Y      7.5  300  8.77  8.58   0.16 H
 68 G017.1263+01.0462 18 18 13.14 -13 32 07.0 T                      Y      1.9  145 10.89  8.89   1.82 FH
 69 G017.2748-00.4885 18 24 05.08 -14 07 36.5 T                      Y      7.6   40  9.19  8.95   0.21 I
 70 G017.7109-00.3881 18 24 33.59 -13 41 39.8 T                      Y      2.1   40 10.78  9.73   0.95 I
 71 G017.8231+00.4343 18 21 47.33 -13 12 34.7 T                      N      5.2  330 13.56 11.86   1.55 I
 72 G018.2660-00.2988 18 25 18.13 -13 09 43.0 T                      Y     15.2  330  9.77  9.23   0.48 FB
 73 G018.3242-00.9253 18 27 41.51 -13 24 08.7 T                      N      7.1   20 10.75  9.47   1.16 I
 74 G018.5647-00.5084 18 26 38.14 -12 59 43.8 T                      N      5.   230 12.05 10.52   1.39 I
 75 G018.6445-00.6650 18 27 21.43 -12 59 52.2 T                      N      2.8   90 13.56 11.27   2.09 I
 76 G018.9724+00.3004 18 24 29.04 -12 15 26.5 T                      N  C  22.1  110  8.24  7.66   0.52 I
 77 G019.0322+00.4252 18 24 08.83 -12 08 46.1 T                      N      6.9  140 10.41  9.23   1.07 I
 78 G019.0965-00.7074 18 28 22.32 -12 37 02.9 T                      N      6.5  280 11.44 10.58   0.78 FH
 79 G019.3616+00.4490 18 24 41.48 -11 50 37.9 T                      N      5.6  325 13.15 11.77   1.25 I
 80 G019.7159-00.2596 18 27 55.07 -11 51 39.1 T                      N      9.6  200 12.56 11.41   1.04 I
 81 G019.7211-00.2822 18 28 01.02 -11 52 00.3 T                      N      3.1  210 13.12 11.42   1.55 FB
 82 G019.7815+00.2865 18 26 04.07 -11 32 54.5 T                      Y      7.2  335       10.78 -99.   I
 83 G019.8107+00.0965 18 26 49.02 -11 36 42.5 T                      Y      5.6   69 11.31 10.51   0.72 I
 84 G019.8405+00.2998 18 26 08.06 -11 19 24.2 T                      N      8.7  100 12.12 10.76   1.24 I
 85 G019.8414+00.0494 18 27 02.10 -11 36 21.5 T                      Y      6.   103  9.47  9.16   0.27 I
 86 G019.9660+00.4735 18 25 45.03 -11 17 52.9 T                      N      3.2   25             -99.   I
 87 G020.0985-00.7442 18 30 24.05 -11 44 45.3 T                      N     11.2   70 12.35 10.29   1.88 I
 88 G020.3592+00.1900 18 27 31.05 -11 04 56.1 T                      N  C   5.4  170 13.62 12.1    1.38 I
 89 G021.3962-00.6159 18 32 23.04 -10 32 13.1 T                      N      4.1  110 10.68 10.29   0.35 I
 90 G021.4977-00.4628 18 32 01.08 -10 22 34.4 T                      N      6.1   20 13.9  11.51   2.18 FB
 91 G021.5562+00.2488 18 29 34.06 -09 59 41.7 T                      N      7.4   55  9.93  8.93   0.91 I
 92 G021.7243-00.1543 18 31 20.06 -10 01 57.6 T                      N      6.6   55 11.44 10.76   0.61 I
 93 G022.0817+00.5951 18 29 19.00 -09 22 07.5 T                      N      5.2  100 12.75 11.56   1.08 I
 94 G022.2601+00.6640 18 29 24.05 -09 10 43.6 T                      N     10.8  265 11.65 10.53   1.02 I
 95 G022.4107+00.0403 18 31 55.09 -09 20 02.6 T                      N      3.1  130 12.88 10.93   1.78 I
 96 G022.4119-00.2010 18 32 48.01 -09 26 40.1 T                      N     10.1   55 11.24  9.05   2.00 I
 97 G022.4494+00.6869 18 29 40.09 -09 00 01.6 T                      N      5.8  210 11.5  10.5    0.91 I
 98 G022.4699+00.1069 18 31 48.02 -09 15 02.8 T                      N      3.8  285 11.77 10.91   0.78 I
 99 G022.9084-00.0552 18 33 12.03 -08 56 12.2 T                      N     17.7   35 11.27  9.44   1.67 I
100 G023.0958+00.4411 18 31 46.05 -08 32 28.7 T                      N      6.7  290  9.83  9.16   0.60 I
101 G023.1100+00.5458 18 31 25.05 -08 28 49.1 T                      Y     12.7  305  8.98  8.56   0.37 H
102 G023.3731+00.4508 18 32 15.05 -08 17 27.3 T                      N  C   6.8   20 13.65 10.95   2.47 H
103 G023.7793-00.7918 18 37 28.04 -08 30 09.2 T                      N      3.4  225 12.49 10.82   1.52 I
104 G023.8120+00.7307 18 32 04.04 -07 46 20.5 T                      N      6.3  215 10.48  9.73   0.68 I
105 G023.9034+00.0682 18 34 37.01 -07 59 48.8 T                      Y      3.3  125 14.96 11.96   2.74 H
106 G023.9064-00.2380 18 35 43.03 -08 08 06.6 T                      N      2.9   20 13.09 10.92   1.98 I
107 G024.0594-00.7990 18 38 01.02 -08 15 25.2 T                      N      3.1   65 10.6   9.83   0.69 I
108 G024.0810+00.1233 18 34 45.00 -07 48 49.9 T                      N      9.6  125 12.68 10.86   1.66 I
109 G024.1355+00.1222 18 34 51.03 -07 45 57.6 T                      Y     12.3  195       11.18 -99.   H
110 G024.1368+00.4279 18 33 45.08 -07 37 26.3 T                      N  C  19.7  115 13.25 10.64   2.38 H
111 G024.2512+00.7906 18 32 40.07 -07 21 18.6 T                      N     58.   355  8.41  7.6    0.73 I
112 G024.2720+00.0767 18 35 16.03 -07 39 56.8 T                      N      6.5   55 14.09 11.13   2.70 I
113 G025.4379-00.3288 18 37 02.00 -07 42 17.7 T                      N      7.5  290 11.12  9.82   1.18 I
114 G024.5665+00.9295 18 32 46.01 -07 00 41.0 T                      N      6.7  200  9.49  9.22   0.24 I
115 G024.6990+00.1167 18 35 55.03 -07 16 05.7 T                      Y      6.5   50 13.16 10.81   2.14 FH
116 G024.9069+00.4487 18 35 07.02 -06 55 51.2 T                      N      4.9  140 11.66 10.88   0.70 H
117 G025.2496+00.3842 18 35 59.00 -06 39 22.7 T                      N  C   4.1  125       10.63 -99.   FH
118 G025.3172-00.4350 18 39 02.01 -06 58 20.7 T                      N     10.4  190 10.79  9.84   0.86 I
119 G025.4439+00.2619 18 36 46.09 -06 32 23.9 T                      N      7.5  220  9.82  9.37   0.40 FH
120 G025.4535-00.1837 18 38 23.06 -06 44 09.8 T                      N      5.2  180 11.25 10.23   0.92 I
121 G025.4711-00.1248 18 38 12.09 -06 41 36.2 T                      N  C   7.2  290 11.95 11.11   0.76 I
122 G025.7870+00.3100 18 37 14.07 -06 12 47.3 T                      N      5.5   65 12.42 10.96   1.33 FH
123 G026.1437-00.0420 18 39 09.07 -06 03 27.8 T                      Y  C  22.1   50  9.95  7.78   1.98 I
124 G026.5272+00.3808 18 38 21.05 -05 31 22.9 T                      Y      7.8  240 11.14  9.79   1.23 I
125 G026.6098+00.3065 18 38 46.05 -05 29 01.4 T                      N     15.3  225 11.35 10.46   0.80 I
126 G026.6435-00.0209 18 40 06.08 -05 37 02.9 T                      N      6.8  305 14.32 11.45   2.62 I
127 G027.2536+00.2532 18 40 09.00 -04 56 09.4 T                      N  C  14.4  350 13.19 11.43   1.60 I
128 G027.2833-00.1444 18 41 37.05 -05 05 29.7 T                      Y      6.5   25 10.98  9.36   1.47 FH
129 G027.3338+00.1784 18 40 33.09 -04 53 56.1 T      TYC 5121-625-1  N     11.2  100  5.71  6.03  -0.3  FB
130 G027.6352+0.0345  18 41 37.09 -04 41 48.6 T                      N      4.9  240 13.71 11.38   2.13 I
131 G027.9931-00.4249 18 43 55.07 -04 35 18.9 T                      N      5.   160 10.61  9.68   0.84 I
132 G028.0372-00.1213 18 42 55.06 -04 24 38.1 T                      N  C  14.2  245 14.77 10.7    3.72 I
133 G028.1433+00.1542 18 42 08.03 -04 11 24.9 T                      Y  C  13.   330 13.75 10.94   2.57 I
134 G028.2061+00.2057 18 42 04.02 -04 06 39.1 T                      N      3.3   20 14.91 11.61   3.02 I
135 G028.4787-00.0056 18 43 19.04 -03 57 54.1 T                      N      8.2  305 16.38 10.83   5.08 I
136 G028.5028-00.0343 18 43 28.02 -03 57 24.2 T                      N      3.1   25 14.12 11.28   2.59 I
137 G028.6301+00.2363 18 42 44.03 -03 43 11.3 T                      N      8.8  110 14.44 11.46   2.72 FH
138 G028.7070+00.1066 18 43 20.05 -03 42 38.5 T                      N      4.5  290       12.76 -99.   I
139 G028.7214-00.3922 18 45 08.08 -03 55 32.7 T                      N  C   3.8   10 11.3  10.21   0.99 I
140 G028.7574-00.2740 18 44 47.04 -03 50 23.1 T                      N      5.7  295 13.85 11.29   2.34 I
141 G028.8045+00.2375 18 43 03.02 -03 33 50.9 T                      N     11.3  295 11.44  9.72   1.57 FB
142 G028.8142+00.1922 18 43 13.09 -03 34 34.4 T                      Y      3.9  230 12.54 10.68   1.70 FB
143 G028.8200+00.2522 18 43 01.07 -03 32 37.1 T                      Y      3.9  145 11.68 10.83   0.77 FH
144 G029.1883+00.5550 18 42 37.05 -03 04 39.5 T                      N      7.1   25 13.45 12.43   0.92 I
145 G029.7810-00.2176 18 46 27.07 -02 54 11.9 T                      N      6.7  145 16.36 11.64   4.32 I
146 G030.0488+00.1790 18 45 32.03 -02 29 02.4 T                      N  C  11.9  330 14.08 11.8    2.08 I
147 G030.0539-00.3391 18 47 23.06 -02 42 57.3 T                      Y      4.    25 15.34 11.33   3.67 I
148 G030.3745+00.0252 18 46 40.09 -02 15 51.9 T                      N  C  10.    90       11.84 -99.   FB
149 G030.4620+00.3924 18 45 32.00 -02 01 08.2 T                      N     19.4  265  8.91  8.73   0.15 I
150 G030.6077-00.6233 18 49 25.01 -02 21 09.7 T                      Y     11.5  160  6.8   6.44   0.32 I
151 G030.8694-00.1031 18 48 02.05 -01 52 57.2 T                      N      6.3  325 13.18  7.42   5.28 I
152 G030.9508-00.0459 18 47 59.02 -01 47 02.5 T                      Y      3.9   35 12.23 10.32   1.74 I
153 G031.0836-00.2126 18 48 49.04 -01 44 30.8 T                      N      9.7  300 12.2  10.4    1.64 I
154 G031.1096+03.6457 18 35 08.21 +00 02 34.8 V88    HD171491        -     16.4  330  6.27  6.     0.24 I
155 G031.4566+00.3937 18 47 20.71 -01 08 00.2 T                      N      6.7  300 12.77 11.2    1.43 I
156 G031.4842+00.4546 18 47 10.74 +01 04 51.7 T                      N      8.5   40 11.71 10.44   1.15 I
157 G031.5390-00.1113 18 49 17.61 -01 17 25.5 T                      N      4.5  315 13.31 11.9    1.28 FB
158 G031.6662-00.1285 18 49 35.21 -01 11 06.2 T                      N      8.4  250 10.64  9.29   1.23 I
159 G031.6770+00.1775 18 48 31.03 -01 02 09.2 T                      Y      7.5   20 12.65 10.7    1.78 I
160 G031.8412+00.1875 18 48 46.87 -00 53 06.7 T                      N      6.7  305 13.86 11.94   1.75 I
161 G031.8695-00.3187 18 50 38.10 -01 05 27.1 T                      N  C   4.6  350 13.64 11.67   1.80 FH
162 G031.9082-00.3435 18 50 47.63 -01 04 03.8 T                      N      3.6  255 13.41 11.54   1.70 H
163 G031.9308+00.2676 18 48 39.05 -00 46 08.1 T                      N     15.5  260  9.96  9.55   0.36 I
164 G031.9747+00.3348 18 48 30.00 -00 41 57.0 T                      N      6.9  230       10.92 -99.   I
165 G032.0177-00.4999 18 51 33.00 -01 02 29.7 T                      N      8.6   10 10.7  10.08   0.56 I
166 G032.1157+00.0576 18 49 44.07 -00 42 00.5 T                      N  C   5.4  280       13.01 -99.   FH
167 G032.4839-00.0141 18 50 40.03 -00 24 18.5 T                      N      7.4  135 12.25 10.76   1.36 I
168 G032.6755+00.2023 18 50 15.00 -00 08 09.4 T                      N      5.6  200 13.73 12.09   1.49 I
169 G032.7634-00.1990 18 51 50.04 -00 14 26.6 T                      N     10.    45 13.64 10.88   2.52 I
170 G032.8748-00.4286 18 52 51.06 -00 14 46.5 T                      N      6.9   20 12.62 11.33   1.17 I
171 G032.9587-00.1244 18 51 55.01 -00 01 58.4 T                      N      1.9   35 11.77 11.     0.69 FH
172 G032.9702-00.2758 18 52 29.04 -00 05 30.1 T                      N      3.03 110 13.37 11.29   1.90 FH
173 G032.9844-00.5468 18 53 28.08 -00 12 09.4 T                      N      3.6   40 12.25 11.6    0.58 I
174 G033.1983-00.0107 18 51 57.07 +00 13 55.9 T                      N     11.5   15 14.71 10.51   3.84 FH
175 G033.4619+00.0732 18 52 08.07 +00 30 18.2 T                      Y     13.2  240 12.02  8.89   2.86 I
176 G033.8783+00.2033 18 52 26.04 +00 56 05.8 T                      N     14.   155 12.83 11.18   1.50 I
177 G034.1278-00.0007 18 53 37.03 +01 03 50.3 T                      N  C  16.2  220 13.46 11.7    1.60 I
178 G034.3830-00.0360 18 54 12.08 +01 16 29.9 T                      N      8.   225 14.19 11.47   2.48 I
179 G034.4337-00.0722 18 54 26.00 +01 18 12.9 T                      Y      5.8  250 13.26  8.99   3.91 I
180 G034.5203-00.4129 18 55 48.04 +01 13 30.8 T                      N      6.1   31 13.34 11.57   1.61 FH
181 G034.5407+00.0597 18 54 09.06 +01 27 32.3 T                      N      4.1  265 16.22 12.18   3.70 I
182 G034.5572-00.1338 18 54 52.08 +01 23 07.4 T                      N     10.8   15 13.78 10.36   3.13 I
183 G034.7527-00.2934 18 55 48.03 +01 29 11.6 T                      N     16.8  310 13.96 11.35   2.38 I
184 G034.7879-00.1134 18 55 13.07 +01 36 00.0 T                      N     10.1   70 13.64 10.86   2.54 I
185 G034.8307-00.5197 18 56 45.01 +01 27 09.2 T                      N     15.2  290 13.94 11.61   2.13 I
186 G034.8716-00.0879 18 55 17.04 +01 41 10.0 T                      N     20.7  230  6.47  4.45   1.84 FB
187 G034.9306-00.1331 18 55 33.05 +01 43 04.8 T                      N      6.1   90 10.66  9.27   1.26 FB
188 G035.2498-00.1614 18 56 14.06 +01 59 20.8 T                      N      4.    18 13.71 10.93   2.54 I
189 G035.2895-00.4783 18 57 26.06 +01 52 47.3 T                      N     11.1  110  8.01  5.94   1.89 I
190 G035.3342-00.1143 18 56 13.07 +02 05 08.5 T                      N      3.8  241 11.3   9.83   1.34 I
191 G035.3454+00.0083 18 55 48.08 +04 09 05.8 T                      N     11.5  257 12.96 10.89   1.89 I
192 G035.5199-00.8758 18 59 16.08 +01 54 11.6 T                      N  C  22.2   25 13.58 11.57   1.83 I
193 G035.5959-00.0288 18 56 24.02 +02 21 27.3 T                      Y     10.7  235 13.5  11.13   2.16 FB
194 G035.8210-00.4463 18 58 17.01 +02 21 33.3 T                      Y      6.1   30 13.5  11.89   1.47 I
195 G036.0914-00.2843 18 58 13.01 +02 40 54.4 T                      N      3.8  220 11.09 10.48   0.55 I
196 G036.1893-00.1705 18 57 59.06 +02 49 15.1 T                      N     15.9  260 11.88 10.28   1.46 I
197 G036.2865+00.7233 18 54 59.00 +03 18 54.9 T                      Y     16.4  345  9.53  8.35   1.07 FB
198 G036.3971+00.0455 18 57 36.01 +03 06 15.6 T                      N      6.4  110 14.31 11.77   2.32 FH
199 G037.1750-00.4461 19 00 46.07 +03 34 17.8 T                      N  C  20.9  140 12.72 10.38   2.14 I
200 G037.2793-00.7766 19 02 08.09 +03 30 47.3 T                      N      9.3  260  9.2   8.67   0.47 I
201 G037.2933+00.6703 18 57 00.09 +04 11 12.9 T                      N      7.6  110 10.04  8.95   0.99 I
202 G037.6235+00.3532 18 58 45.00 +04 20 09.2 T                      N     14.9  300 15.08 11.82   2.98 I
203 G037.6443+00.3027 18 58 58.01 +04 19 52.7 T                      N      4.2   25  9.89  9.08   0.73 I
204 G037.6475-00.3821 19 01 25.00 +04 01 15.7 T                      N      4.1  248 14.91 11.51   3.11 I
205 G037.7584+00.1233 18 59 49.01 +04 21 02.9 T                      N      5.5  225 13.48 11.24   2.04 FH
206 G037.9798-00.2701 19 01 37.07 +04 22 03.9 T                      N      8.1  355 14.82 12.09   2.49 I
207 G038.0177-00.3971 19 02 09.00 +04 20 45.9 T                      Y  C   5.4   90 10.97 10.     0.88 I
208 G038.1254+00.1293 19 00 28.00 +04 40 47.8 T                      N      6.5  265 12.7  10.86   1.68 I
209 G038.1499+00.9112 18 57 43.00 +05 03 32.3 T                      N  C  24.   305  7.89  7.22   0.60 I
210 G038.2354+00.3249 18 59 58.04 +04 52 01.9 T                      N      2.5   50 12.46 10.77   1.54 I
211 G038.9414-00.7446 18 05 05.03 +05 00 17.8 T                      N      6.6  100 11.7  10.85   0.77 FB
212 G039.0925-00.6915 18 05 10.07 +05 09 48.8 T                      N     19.1  115  9.07  8.77   0.26 I
213 G039.1574-00.0317 19 02 56.05 +05 31 25.6 T                      N      7.1  231 14.29 11.56   2.49 I
214 G039.2486-00.0647 19 03 13.07 +05 35 23.0 T                      Y      4.4   55 15.2  11.99   2.93 FB
215 G039.4470-00.0674 19 03 36.02 +05 45 53.4 T                      N  C  11.6  265       11.84 -99.   I
216 G039.4551+00.5530 19 01 24.00 +06 03 22.2 T                      N  C   7.7  215 14.01 12.33   1.53 I
217 G039.9449+00.6920 19 01 48.03 +06 33 18.9 T                      N  C   9.3  300 11.51 10.09   1.29 I
218 G040.1095-00.2757 19 05 34.02 +06 15 28.4 T                      N      6.3   31 10.7  10.12   0.52 I
219 G040.2891+00.5257 19 03 01.02 +06 46 40.4 T                      Y      3.2   25 11.48 10.88   0.54 I
220 G040.4658+00.4468 19 03 38.01 +06 54 21.6 T                      N      3.3  350 13.07 12.26   0.73 I
221 G041.0816-00.4178 19 07 52.07 +07 03 20.9 T                      N  C  14.3  125 14.84 12.49   2.14 I
222 G041.1120-00.1753 19 07 04.00 +07 11 39.8 T                      Y      4.3  110 12.26 10.3    1.79 FB
223 G041.3677+00.0870 19 06 36.01 +07 32 31.5 T                      N      9.1  230 14.74 12.46   2.08 I
224 G041.5357+00.0349 19 07 05.10 +07 40 02.2 T                      N      4.1  220 11.91 10.55   1.24 FH
225 G041.5496+00.0975 19 06 54.01 +07 42 30.3 T                      N  C   6.5  115 14.36 12.26   1.92 FH
226 G042.0370-00.8777 19 11 18.01 +07 41 28.6 T                      N      6.6  110 10.87 10.06   0.73 I
227 G042.1998-00.2268 19 19 09.04 +08 08 10.4 T                      N      9.5  210 15.42 12.14   3.00 I
228 G042.2264-00.0622 19 08 43.10 +08 14 08.5 T                      N      6.5   85 12.97 11.66   1.19 I
229 G042.5217-00.0850 19 09 21.09 +08 29 14.0 T                      N     10.   245 12.49 11.15   1.22 I
230 G042.5231+00.4272 19 07 31.01 +08 43 28.1 T                      N     19.5  250 11.24 10.19   0.95 I
231 G043.7709+00.0659 19 11 09.06 +09 39 53.8 T                      Y  C   9.   265 12.96 11.65   1.19 FB
232 G044.0940-00.0241 19 12 05.40 +09 54 35.1 T                      N  C   9.7  285 11.37 10.44   0.84 I
233 G044.1658+00.0926 19 11 48.03 +10 01 38.6 T                      N      8.9   35 12.15  9.68   2.26 FH
234 G044.1790+00.1705 19 11 32.10 +10 04 30.5 T                      N      3.2  335 13.02 11.11   1.74 I
235 G044.3027+00.2988 19 11 19.02 +10 14 38.9 T                      N      4.2  130 14.12 12.29   1.67 I
236 G044.4100-00.3132 19 13 43.05 +10 03 20.7 T                      N     15.1  340 11.82 10.65   1.06 I
237 G044.5388-00.2303 19 13 40.02 +10 12 29.9 T                      Y      4.5  225 11.24  9.78   1.33 I
238 G045.1952+00.7420 19 11 23.10 +11 14 25.5 T                      Y     16.   210 12.65 10.39   2.06 I
239 G045.2527-00.4751 19 15 54.01 +10 43 35.7 T                      N  C   5.4  115 13.52 12.89   0.57 I
240 G045.9397+03.2506 19 03 40.72 +13 03 11.5 T      HD230561        -     12.8  238  9.29  9.16   0.11 I
241 G045.9646-00.3816 19 16 54.99 +11 23 59.9 T                      N      3.1  310 13.9  11.88   1.84 I
242 G046.0291-00.0961 19 16 00.50 +11 35 24.4 T                      N      5.3  210 13.35 11.55   1.64 I
243 G046.0408-00.0858 19 15 59.60 +11 36 19.0 T                      N      5.9  170 12.92 10.89   1.85 I
244 G046.0837+00.4263 19 14 13.36 +11 52 53.2 T                      Y      7.2   65 13.24 12.73   0.46 FH
245 G046.3270-00.7938 19 19 05.71 +11 31 39.7 T                      N      9.2   10 10.78 10.1    0.61 I
246 G046.4224-00.6803 19 18 52.08 +11 39 54.4 T                      N  C   9.6   55 13.24 12.03   1.10 I
247 G046.7943-00.2716 19 18 06.02 +12 11 06.1 T                      N  C  19.6  128  9.61  6.5    2.84 I
248 G046.8518+00.8551 19 14 07.07 +12 45 38.8 T                      N     15.7  248 11.13 10.56   0.51 I
249 G046.9132+00.6113 19 15 07.08 +12 42 06.7 T                      Y     10.5  235  9.91  9.26   0.58 I
250 G047.0369+00.4063 19 16 06.06 +12 42 57.3 T                      N      7.1   14 10.81 10.29   0.47 I
251 G047.9265+00.1793 19 18 38.04 +13 23 47.8 T                      N      8.   178 12.48 10.33   1.96 I
252 G048.0957-00.1993 19 20 20.05 +13 22 06.9 T                      N      5.8  237 10.12  9.53   0.53 I
253 G048.1377-00.0752 19 19 58.00 +13 27 50.2 T                      N      9.7   40 11.35 10.48   0.79 I
254 G048.1582-00.1792 19 20 23.03 +13 25 59.6 T                      N      4.   281 12.34 11.1    1.13 I
255 G048.2517+00.2487 19 19 00.08 +13 42 59.3 T      TYC 1054-952-1  N      2.    10  9.09  8.94   0.13 I
256 G048.5581+00.4767 19 18 46.05 +14 05 38.2 T                      N  C  25.1   15 12.52 11.48   0.94 FB
257 G048.6208+00.3858 19 19 12.03 +14 06 35.5 T                      N      6.6   47 13.37 11.98   1.26 I
258 G048.8701+00.1269 19 20 39.02 +14 12 19.7 T                      N      6.8  205 10.43  9.95   0.43 I
259 G049.0422-00.2350 19 22 18.03 +14 11 13.3 T                      Y      9.5  225 11.86 10.62   1.13 H
260 G049.1639-00.0766 19 21 57.09 +14 22 08.4 T                      N     15.7  185 10.12  9.03   0.99 I
261 G049.2969-00.4489 19 23 34.08 +14 18 38.2 T                      Y     10.   265 10.37  9.49   0.80 I
262 G049.4683-00.2527 19 23 11.10 +14 33 15.7 T                      Y      9.2  285 12.84 10.49   2.14 FB
263 G049.6930-00.7855 19 25 34.07 +14 30 00.1 T                      Y  C  28.    80 10.03  9.22   0.73 I
264 G049.7065-00.1722 19 23 22.03 +14 48 08.4 T                      Y  C  18.1   85 10.45  8.41   1.86 FB
265 G049.7115+00.1867 19 22 04.02 +14 58 33.8 T                      N      5.9    5  9.95  9.55   0.35 I
266 G049.8158+00.3662 19 21 37.01 +15 09 09.4 T                      Y      2.7   30 12.58 10.86   1.57 FH
267 G049.8425-00.0165 19 23 04.01 +14 59 45.1 T                      N      7.1  191 12.7  11.11   1.45 FH
268 G049.9216+00.3368 19 21 55.10 +15 13 55.6 T                      N      6.6  310 12.14 11.13   0.91 I
269 G050.2425-00.4959 19 25 36.02 +15 07 16.1 T                      Y  C   7.3   30 14.46 12.12   2.14 I
270 G050.3075+00.5216 19 22 00.06 +15 39 34.4 T                      N      7.6   30 12.64 11.45   1.08 I
271 G050.3547+00.0477 19 23 50.03 +15 28 39.0 T                      N  C  38.9   29  9.93  9.42   0.46 I
272 G050.9339+03.0747 19 13 48.34 +17 24 15.5 T                      -     18.   260  9.87  9.56   0.27 I
273 G050.9625+00.8940 19 21 55.06 +16 24 45.6 T                      N     19.5  249  9.25  7.72   1.39 I
274 G050.9884+00.1581 19 24 40.08 +16 05 16.7 T                      N     21.9  265 11.33 10.21   1.02 I
275 G051.4152-00.6768 19 28 34.10 +16 03 57.8 T                      N     12.6  261 15.05 14.     0.95 I
276 G052.3305-00.4971 19 29 45.13 +16 57 20.3 T                      N      4.   160 12.81 11.26   1.41 I
277 G052.4427+00.2010 19 27 24.06 +17 23 16.5 T                      N     12.8  315 10.43  9.85   0.52 I
278 G052.7682+00.3332 19 27 34.04 +17 44 13.5 T                      N      3.    80 14.47 12.71   1.60 I
279 G052.0776+00.1149 19 29 00.00 +17 54 16.6 T                      N      3.7  190 14.53 12.29   2.04 I
280 G053.1827+00.1582 19 29 03.00 +18 01 03.4 T                      N      9.6  330 13.53 12.1    1.30 FB
281 G053.3358+00.9002 19 26 36.08 +18 30 22.2 T                      Y  C  11.7  295 13.92 13.34   0.52 I
282 G053.4178+00.0990 19 29 44.07 +18 11 44.3 T                      N     11.3   45  9.47  8.99   0.43 FH
283 G054.0569-00.0879 19 31 43.08 +18 39 58.5 T                      Y      6.3  275 11.65 10.56   0.99 I
284 G054.1757+00.6873 19 29 05.08 +19 08 33.7 T                      N  C   4.9  140 11.43 11.14   0.25 I
285 G054.3278+00.9448 19 28 26.08 +19 23 57.7 T                      N     23.6  340  9.67  9.28   0.35 FH
286 G054.4222+00.0045 19 32 07.10 +19 01 51.0 T                      N      6.7  190 11.6  10.83   0.69 FH
287 G054.7838+00.8745 19 29 38.01 +19 45 58.2 T                      N      4.6  117 11.98 11.24   0.67 I
288 G055.3208+00.3365 19 32 44.04 +19 58 41.1 T      HD350123        N     10.7  320  9.46  9.52  -0.0  I
289 G055.5792+00.6749 19 32 00.04 +20 22 03.6 T                      N     34.   290  8.01  7.77   0.21 I
290 G056.0069-00.2011 19 36 09.06 +20 19 01.6 T                      N      3.9  335 11.98 11.3    0.61 I
291 G056.0422-00.1902 19 36 11.05 +20 21 11.6 T                      N      5.7   25 11.24 10.79   0.40 FH
292 G056.5717-00.8290 19 39 40.07 +20 30 06.6 T                      N     43.    60  9.92  9.61   0.27 I
293 G056.8920+00.8745 19 35 31.05 +21 24 48.3 T                      N      5.2  276 11.86 11.14   0.65 FB
294 G057.0235+00.2542 19 36 34.09 +21 25 35.8 T                      N      4.5  260 12.61 11.49   1.02 I
295 G057.9600+00.5684 19 35 31.05 +21 24 48.3 T                      N      5.5  352 11.44 10.89   0.49 I
296 G058.4031+00.0122 19 40 24.07 +22 30 35.5 T                      N      6.5  355 10.77 10.14   0.57 I
297 G058.5379+00.6691 19 38 13.16 +22 57 01.9 T                      N      9.6   43 11.21 10.48   0.66 I
298 G059.9225-01.9671 19 51 08.28 +22 49 53.9 T      HD345117        -     21.6  170  8.03  7.93   0.08 I
299 G059.9278-00.2213 19 44 35.00 +24 43 02.0 T      HD344766        N      4.9  125  9.44  9.43   0.00 H
300 G060.0393-00.0905 19 44 20.09 +23 52 45.4 T      HD344765        N      6.9  189  9.22  9.18   0.02 H
301 G060.1250+00.1193 19 43 43.48 +24 03 30.0 T      HD 344762       N      9.6  181  8.7   8.63   0.05 H
302 G060.3970-00.2682 19 45 47.05 +24 06 00.0 T      TYC2139-486-1   N      4.9  220  9.4   9.37   0.02 H
303 G060.5080-00.2857 19 46 06.02 +24 11 14.5 T                      N  C   7.8   10  8.84  8.27   0.51 I
304 G060.6685-00.0027 19 45 22.88 +24 28 04.8 T                      N      6.6  310       11.55 -99.   FB
305 G060.9223-00.1176 19 46 22.68 +24 37 48.3 T      HD338936        N      4.9  195  8.32  8.31   0.00 FH
306 G060.9757-00.3439 19 47 21.04 +24 33 44.0 T      BD+243883       N     10.8  270  8.63  8.53   0.08 FH
307 G061.1417-00.8954 19 49 49.00 +24 25 34.0 T                      Y      3.8  190 11.22 10.64   0.52 H
308 G061.5950-00.6887 19 50 02.99 +24 55 20.7 T                      N     45.7  235  7.97  7.09   0.80 I
309 G061.6786+00.9381 19 44 00.08 +25 48 46.0 T                      N     33.9  165  7.73  7.23   0.45 H
310 G061.8355+02.9452 19 36 31.44 +26 56 30.2 T                      -     40.5  300  8.71  8.36   0.31 I
311 G063.1214+00.3289 19 49 35.09 +26 45 12.6 T                      N      4.8  290 10.38  9.51   0.79 FH
312 G063.1263+00.3327 19 49 35.73 +26 45 33.4 T                      N      5.5  270 10.23  9.63   0.54 FH
313 G063.5153-01.4433 19 57 17.76 +26 10 49.2 T                      -      7.1  169 13.14 12.59   0.49 I
314 G063.8261+00.5362 19 50 24.04 +27 27 55.7 T      HD338961        N  C   5.4  285  9.81  9.81  -0.0  I
315 G064.0602+01.6348 19 46 39.32 +28 13 23.2 T                      -     17.9  215  9.59  9.12   0.42 I
316 G064.7582+00.2889 19 53 30.02 +28 08 20.1 T                      N     16.4  250 12.49 11.84   0.58 I
317 G067.1370-00.6744 20 02 57.06 +29 39 49.9 T                      -     26.   155 11.74 11.66   0.06 I
318 G073.2946-01.6939 20 22 58.66 +34 14 20.3 T                      -     18.2   38 13.59 13.37   0.19 I
319 G073.3536+02.5872 20 05 38.06 +36 39 37.3 T                      -     21.    91  9.84  9.49   0.31 I
320 G073.6200+01.8522 20 09 25.91 +36 29 19.1 T      HD191611        -     35.5  290  7.72  7.61   0.09 I
321 G074.1929+00.9964 20 14 33.03 +36 29 48.6 T                      -     10.5   35 10.63 10.39   0.21 H
322 G074.3117+01.0041 20 14 51.09 +36 35 59.7 T                      -     19.5   35  9.8   9.43   0.33 H
323 G075.1730-00.5964 20 23 50.71 +36 24 26.4 T                      -      9.3  217 10.37  8.88   1.36 I
324 G075.5296+02.1392 20 13 28.91 +38 14 31.7 T      TYC 3151-2909-1 -     25.7  225  9.25  9.1    0.13 I
325 G075.5717-00.2559 20 23 35.67 +36 55 44.2 T      HD194303        -     12.9   45  6.9   6.71   0.16 FB
326 G076.0752-02.2041 20 32 56.25 +36 12 00.5 T      TYC 2697-1046-1 -     22.7  100  8.25  7.88   0.33 H
327 G076.1585+00.6305 20 21 37.27 +37 55 03.2 T                      Y     12.1    2 10.86  9.67   1.08 I
328 G076.6921-02.4071 20 35 34.45 +36 34 25.7 T                      -     16.   130  9.76  9.51   0.22 I
329 G077.0505-00.6094 20 29 22.15 +37 55 43.9 K10-10                 Y     10.2  225  9.63  9.     0.57 I
330 G077.3613+01.1621 20 22 54.07 +39 12 29.4 T      HD229159        N     25.5   40  6.22  6.     0.19 H
331 G078.2889+00.7829 20 27 17.68 +39 44 32.6 T                      N     25.5   20 10.94 10.38   0.50 H
332 G078.4215+01.0808 20 26 24.96 +40 01 39.9 T                      N     28.2  140  8.57  8.18   0.35 FB
333 G078.5197+01.0652 20 26 46.08 +40 05 55.2 T                      Y     28.9  210  8.06  7.32   0.67 H
334 G079.0407+01.1524 20 27 59.01 +40 34 23.0 T                      N  C   6.   225 11.46 10.09   1.25 I
335 G079.2004+01.2068 20 28 15.40 +40 44 04.6 T      TYC3156-1106-1  N     15.6  205  7.84  7.49   0.31 H
336 G079.2368-00.7326 20 36 32.60 +39 36 47.5 T                      N     10.6   90  9.21  8.38   0.75 H
337 G079.4172+01.2703 20 28 39.16 +40 56 51.0 K10-4                  N      7.4  225 12.31 10.37   1.77 FB
338 G078.8223+00.0959 20 34 55.13 +40 34 43.1 K10-5  CPR2002A10      Y     22.8  290  8.7   7.92   0.70 H
339 G80.2400+00.1354  20 36 04.41 +40 56 13.0 K10-7  CPR2002A37      Y     70.    70  7.98  7.43   0.49 H
340 G80.2632+01.9137  20 28 30.22 +42 00 35.2 K10-3  HD19522         Y     15.9  100  7.35  7.4   -0.0  H
341 G80.8621+00.9749  20 34 28.94 +41 56 17.0 K10-1                  N     20.2  135  8.45  8.03   0.37 H
342 G80.9020+00.9828  20 34 34.55 +41 58 29.3 K10-2                  Y     10.   350 10.78 10.29   0.44 H
343 G082.3557+02.9571 20 30 34.98 +44 18 54.9 Pe12   HD195592        -    174.   340  4.91  4.04   0.79 I
344 G082.4100+02.3254 20 33 36.08 +43 59 07.4 CP07   BD+43 3654      -    193.    10  6.19  5.5    0.62 I
345 G083.4956-01.2840 20 52 53.20 +42 36 27.8 T      HD199201        -     18.5   70  7.06  6.99   0.05 I
346 G083.9246-00.6778 20 51 50.00 +43 19 29.8 T      NSVS 5759590    -     12.     0  9.17  8.68   0.44 I
347 G084.3099-01.4401 20 56 24.01 +43 07 46.5 T      BD+42 3914      -     51.   355  5.91  5.38   0.47 I
348 G085.3709+01.1839 20 48 54.96 +45 37 26.8 T      HD198479        -     31.6   90  7.65  7.61   0.02 I
349 G092.3191+00.0601 21 21 39.03 +50 02 02.3 T      TYC 3597-970-1  -     11.5  245  9.67  9.46   0.18 I
350 G092.7265+00.1806 21 22 55.75 +50 24 22.9 T                      -     23.   140  9.49  9.03   0.41 I
351 G101.7224-00.6506 22 12 29.95 +55 32 05.4 T      TYC 3973-1998-1 -     27.6  330 10.32 10.31   0.00 I
352 G103.5937+01.2506 22 15 57.04 +58 09 36.7 T                      N      8.7  270 10.47  9.38   0.99 I
353 G104.3447+02.2299 22 16 32.09 +59 23 30.2 T                      N     30.5  265  9.18  8.98   0.17 I
354 G104.6470+00.0088 22 27 41.32 +57 41 05.3 T      KW97 63-24      N      9.7  115  9.42  8.27   1.04 I
355 G104.6501+02.3475 22 18 02.02 +59 39 33.7 T                      Y     10.8  325 13.89 12.01   1.71 H
356 G106.6327+00.3917 22 39 17.06 +59 00 59.3 T      HD240015        N     15.6   45  8.58  8.36   0.19 I
357 G106.6375+00.3783 22 39 22.06 +59 00 25.5 T      HD240016        N     21.8   45  8.12  7.89   0.20 I
358 G107.0392+02.4196 22 34 06.01 +60 58 50.3 T      TYC 4264-1036-1 N      8.9  300  8.88  8.73   0.13 I
359 G107.1371-00.6974 22 46 40.45 +58 17 43.8 T      HD 215806       -     42.   170  8.15  8.06   0.07 FH
360 G108.0269-00.3497 22 51 33.77 +59 00 30.7 T      HD 216411       -     35.5  220  5.58  5.03   0.49 I
361 G108.9891+01.5606 22 51 39.10 +61 08 50.0 T      TYC 4278-522-1  N  C  91.7   50  7.52  7.02   0.45 I
362 G109.1157+00.6799 22 55 45.03 +60 24 39.4 T                      Y     14.7   95  9.59  9.08   0.46 I
363 G112.0188+01.1208 23 16 27.01 +61 57 46.6 T      V649 Cas        -     66.2  210  5.94  5.96  -0.0  I
364 G119.4436-00.9208 00 21 53.09 +61 45 02.6 T      BD+60 39        -     17.   255  8.74  8.72   0.01 I
365 G120.7398+02.4897 00 30 28.03 +65 16 19.7 T      HD2619          -     29.9  145  7.12  7.12  -0.0  I
366 G120.9137+09.0357 00 25 51.24 +71 48 25.7 Pe12   HD2083          -     50.4    5  7.04  7.11  -0.0  I
367 G133.1567+00.0432 02 17 53.20 +61 11 12.8 T      LSI+60 226      -     36.    45  8.25  7.96   0.25 FH
368 G134.3552+00.8182 02 29 30.47 +61 29 44.1 T      KM Cas          -     14.   269  8.64  8.24   0.35 FB
369 G137.4203+01.2792 02 54 10.66 +60 39 03.5 T      BD+60 586       -     73.   110  7.7   7.66   0.02 I
370 G144.0656+14.0424 04 54 03.01 +66 20 33.6 Pe12   A Cam / HD30614 -    517.   355  4.38  3.89   0.44 I
371 G151.0318-00.8271 04 05 53.02 +51 06 57.9 T      TYC 3339-851-1  -     51.   220  9.2   9.     0.17 I
372 G151.9227-00.5651 04 11 10.71 +50 42 29.9 T                      -     21.   325  8.94  8.72   0.19 I
373 G156.3159-16.7353 03 32 40.02 +35 27 42.2 Pe12   HD21856         -     10.   300  6.09  6.15  -0.0  I
374 G164.9727+12.9727 06 05 52.42 +48 14 57.3 Pe12   HD41161         -    120.   315  7.    7.08  -0.0  I
375 G172.0813-02.2592 05 16 18.15 +34 18 44.3 N97    Ae Aur          -      9.9  350  5.28  5.3   -0.0  I
376 G206.2096+00.7982 06 41 59.20 +06 20 43.5 N97    HD48099         -  C 165.    50  6.5   6.53  -0.0  I
377 G208.7297-02.6311 06 34 23.56 +02 32 02.9 T      HD46573         -     61.    20  7.16  7.12   0.02 I
378 G210.4356-20.9830 05 31 55.86 -07 18 05.5 Pe12   Ups Ori         -     77.    45  5.29  5.4   -0.1  FH
379 G216.4242+00.1839 06 58 28.16 -03 01 25.4 T      HD51756         -     44.   292  7.47  7.51  -0.0  I
380 G223.7092-01.9008 07 04 25.52 -10 27 15.9 T      HD53367         -     15.   320  6.22  4.64   1.44 FB
381 G224.1685-00.7784 07 09 20.25 -10 20 47.6 Pe12   HD54662         -     71.   340  6.17  6.17  -0.0  I
382 G224.7096-01.7938 07 06 40.76 -11 17 38.4 Pe15   V* FN Cma       -    101.   300  5.3   5.13   0.14 I
383 G243.8223+00.1409 07 53 01.01 -27 06 57.7 T      CD-26 5136      -     51.   310  8.62  8.4    0.19 I
384 G253.7104-00.1920 08 16 32.00 -35 38 54.0 T      CD-35 4415      -     31.    45  8.83  8.2    0.57 FB
385 G263.0228+02.3045 08 55 27.66 -41 35 22.2 T      CD-41 4637      -     80.   348  7.89  7.61   0.24 I
386 G263.0583+03.9299 09 02 06.86 -40 33 16.9 Pe15   GP Vel /X-1     -     53.   345  5.7   5.25   0.40 I
387 G263.6130+00.5540 08 50 13.43 -43 09 48.3 T      CD-42 4694      -     18.   160  8.67  8.49   0.15 FH
388 G264.1438+00.2735 08 50 53.24 -43 45 05.4 T      HD75860         -     59.   260  5.43  4.78   0.58 I
389 G264.4784+00.2731 08 52 04.13 -44 00 35.0 T      HD76031         -     11.   285  7.69  7.56   0.11 FH
390 G266.0149+00.0037 08 56 28.47 -45 21 31.9 T      CD-44 4967      -     29.   315  7.59  7.26   0.29 I
391 G268.9550-01.9022 08 59 14.91 -48 49 49.2 T      HD77207         -     32.    10  8.02  7.97   0.03 H
392 G269.2089-00.9138 09 04 44.79 -48 21 59.2 T      CPD-47 3051     -     28.   325  8.87  8.68   0.16 I
393 G269.2687-02.4055 08 58 10.40 -49 23 47.4 T      CD-48 4287      -     11.   300  8.66  8.52   0.12 I
394 G272.5794-01.7247 09 15 18.24 -51 23 12.0 T      HD298310        -     21.   135  7.97  7.76   0.18 I
395 G273.1192-01.9620 09 16 37.25 -51 56 22.6 T      HD298353        -     32.   210  8.45  8.26   0.16 I
396 G281.4302-01.2395 10 02 51.33 -56 54 01.2 T                      -     14.    90 10.95 10.15   0.72 FH
397 G282.1647-00.0256 10 12 20.45 -56 20 33.9 T      CD-55 3196      -     22.   315  8.03  7.68   0.31 I
398 G282.4664-02.4659 10 03 36.05 -58 30 08.4 Pe15                   -     47.4  110  7.6   4.92   2.45 I
399 G284.0765-00.4323 10 22 23.08 -57 44 28.0 P08                    Y      6.8   85 11.    9.64   1.24 FH
400 G284.2999-00.3359 10 24 03.06 -57 46 46.7 T                      Y      3.9  295             -99.   FH
401 G284.3011-00.3712 10 24 03.06 -57 48 36.1 P08                    Y      2.9  135 11.89 10.56   1.21 FH
402 G284.3400-00.2827 10 24 39.19 -57 45 21.1 P08                    Y      4.1  285 10.06  9.37   0.62 FH
403 G285.4396+00.7971 10 35 49.86 -57 23 42.7 T                      -     25.    30 11.91 10.18   1.58 I
404 G286.0588-01.6633 10 30 23.28 -59 49 53.2 T      TYC 8613-707-1  -     24.   100  8.36  8.17   0.16 I
405 G286.4644-00.3478 10 38 19.14 -58 53 46.7 Pe15   HD303197        -     21.   355  8.17 10.13  -1.8  FH
406 G287.1148-01.0236 10 40 12.38 -59 48 10.3 S15-36 HD92607         Y     15.8  110  7.86  8.02  -0.1  I
407 G287.4071-00.3593 10 44 43.87 -59 21 25.2 S15-5  HD93249         Y      7.8  205  8.06  7.98   0.06 FH
408 G287.4389-00.6132 10 44 00.94 -59 35 46.0 S15-2  CPD-58 2625     Y      4.   325  9.25  9.09   0.13 FH
409 G287.6131-01.1302 10 43 17.90 -60 08 03.5 S15-1  HD93027         Y      7.4   20  8.71  8.75  -0.0  H
410 G287.6736-01.0093 10 44 11.11 -60 03 21.2 S15-3  HD305536        Y      3.7    5  8.73  8.65   0.06 H
411 G288.1505-00.5059 10 49 24.98 -59 49 43.8 S15-6  HD305599        Y      4.2  220  9.14  9.08   0.04 FH
412 G288.2321-01.1167 10 47 46.17 -60 24 36.2 S15-38                 N      8.1  340 10.23  8.99   1.13 FH
413 G288.3138-01.3085 10 47 38.87 -60 37 04.2 S15-37 HD93683         -     15.   350  7.26  6.45   0.73 FH
414 G288.4263-01.2245 10 48 46.55 -60 35 40.5 S15-39 CPD-59 2735     Y      5.8  310  8.48  8.47   0.00 FH
415 G298.5657+0.0650  12 13 29.83 -62 29 05.1 T                      N      4.6   10 12.4  11.38   0.92 I
416 G298.6101-00.5363 12 13 06.35 -63 05 09.7 T                      N      1.   285 12.5  11.68   0.74 I
417 G298.6498+00.2675 12 14 28.11 -62 17 47.6 T                      Y      4.7  315 11.86 10.98   0.80 I
418 G298.6699+00.0580 12 14 22.85 -62 30 24.2 T                      N      5.   340 12.89 11.64   1.14 FH
419 G298.6808-00.4511 12 13 50.01 -63 00 43.6 T                      N      4.   290 13.13 12.27   0.78 FB
420 G298.6971+00.7019 12 15 23.52 -61 52 23.2 T                      N      2.4  340 11.23 10.68   0.49 I
421 G298.7089+00.0060 12 14 39.06 -62 33 49.3 T                      N     13.7  135 12.18 11.33   0.77 FB
422 G299.2973-00.2913 12 19 24.03 -62 56 12.6 T                      N      2.8  100 10.59 10.37   0.19 FH
423 G299.3319-00.1178 12 19 53.32 -62 46 08.0 T                      N      4.1   60 13.59 12.26   1.21 I
424 G299.9597+00.8134 12 26 08.93 -61 54 44.6 T                      N     10.2  310 11.27  9.63   1.49 I
425 G300.1020-00.1371 12 26 34.43 -62 52 20.0 T                      Y      1.5  100 10.55 10.24   0.27 FH
426 G300.2528-00.0334 12 27 59.00 -62 47 01.0 T      ALS 19363       N     17.   200 10.07  9.78   0.25 FH
427 G300.6153-00.8292 12 30 34.24 -62 36 25.6 T                      Y      6.4  100 12.16 11.35   0.73 I
428 G301.1070-00.1728 12 35 21.32 -62 59 15.0 T      TYC 8992-438-1  Y      2.5  135  9.21  8.81   0.35 FB
429 G301.4963+00.1299 12 38 54.56 -62 42 25.2 T                      Y      4.   260 12.14 11.04   1.00 FB
430 G301.6493+00.7960 12 40 29.39 -62 02 54.8 T                      N      5.4  260 10.52 10.04   0.43 I
431 G302.4232+03.1730 12 47 24.68 -59 41 41.0 T      DY Cru          -    245.    80  2.42 -0.64   2.80 I
432 G302.4623+03.1796 12 47 43.26 -59 41 19.5 T      Beta Cru        -    245.    80  1.91  3.53  -1.4  I
433 G302.8545+00.0651 12 50 45.59 -62 48 23.8 T                      N      8.1  175 12.43 11.68   0.68 I
434 G302.9854+00.5812 12 51 53.86 -62 17 26.1 T      ALS 19396       Y     10.7   95  9.81  9.65   0.13 I
435 G303.0882-00.9647 12 52 51.30 -63 50 09.9 T                      N      3.3  110 12.11 11.57   0.48 I
436 G303.9369-00.3414 13 00 21.22 -63 11 44.9 T                      N     15.6   80 11.91 10.19   1.57 I
437 G303.9535-00.2598 13 00 28.53 -63 06 49.3 T                      N      6.8   60 14.88 13.23   1.50 I
438 G303.9636-01.0467 13 00 49.09 -63 53 59.0 T                      N      1.9  180 12.6  11.94   0.59 FB
439 G304.7086-00.8356 13 07 27.54 -63 39 07.7 T                      N     19.6   80 10.65 10.11   0.48 H
440 G304.8585-00.0200 13 08 19.52 -62 49 43.1 T                      N      8.7   85  7.96  7.3    0.59 I
441 G305.1497-00.4859 13 11 10.71 -63 16 07.6 T                      N  C   6.9  155 11.49 10.5    0.90 I
442 G305.7952+00.1583 13 16 20.55 -62 34 29.9 T                      N     40.5   45 10.43  9.29   1.03 I
443 G305.8554-00.1277 13 17 06.59 -62 51 13.3 T                      N  C   3.5  320 11.31 11.29   0.01 I
444 G305.9247-00.1426 13 17 43.65 -62 51 41.6 T                      N      4.4  225 10.88 10.4    0.43 I
445 G305.9430-00.1056 13 17 51.24 -62 49 22.4 T                      N      7.   270 11.52 10.95   0.51 I
446 G306.0015+00.2657 13 18 01.71 -62 26 51.1 T                      N     16.8   70 11.23 10.21   0.92 I
447 G306.1628+00.0050 13 19 39.69 -62 41 22.7 T                      N     20.7  265 10.28  9.2    0.98 FH
448 G306.5992-00.2284 13 23 41.43 -62 52 13.2 T                      N     11.1   35  9.29  8.76   0.47 I
449 G306.6682+00.4638 13 23 32.20 -62 10 29.7 T                      N      8.5  205 10.44 10.     0.39 I
450 G306.6723-00.2637 13 24 21.95 -62 53 46.1 T                      Y      4.1  280 10.4   9.75   0.58 I
451 G306.7395-00.1134 13 24 46.84 -62 44 18.4 T                      N      4.7   85 12.4  11.17   1.12 I
452 G306.8330+00.3865 13 25 01.38 -62 13 50.4 T                      N     17.5  105 11.03 10.13   0.81 I
453 G306.8895+00.6519 13 25 12.37 -61 57 36.5 T                      N     14.6  350  9.98  9.44   0.48 I
454 G307.0222-0.0487  13 27 08.87 -62 38 11.6 T                      N      4.5  225 12.42 11.36   0.96 I
455 G307.5714-00.6227 13 32 39.72 -63 07 21.3 T                      Y  C   2.   225       12.03 -99.   I
456 G307.6153-00.5257 13 32 54.48 -63 01 11.3 T                      N      7.7   95 13.12 11.74   1.25 I
457 G307.6157+00.9294 13 30 57.15 -61 34 57.2 T                      N     16.    85 10.44 10.18   0.23 I
458 G307.6299-00.1886 13 32 33.74 -62 41 04.9 T                      N     15.2  195  9.99  9.5    0.44 FH
459 G307.6313-00.1736 13 32 33.26 -62 40 10.7 T                      Y      8.7  160 10.28  9.72   0.50 FB
460 G307.7949+00.0010 13 33 42.73 -62 28 15.6 T                      N      6.   130 10.85 10.27   0.52 FH
461 G307.9454-00.0888 13 35 07.62 -62 32 04.5 T                      N      7.9   25 12.11 11.33   0.70 I
462 G307.9706+00.0420 13 35 09.06 -62 24 05.1 T                      N      8.6  155 10.07  9.86   0.18 I
463 G308.0406+00.2473 13 35 26.74 -62 11 13.9 T      TYC 8995-1548-1 N     15.9  300  9.65  9.42   0.20 I
464 G308.0703+00.2120 13 35 44.88 -62 13 00.9 T                      N     12.4  170  9.19  8.93   0.23 I
465 G308.2317-00.1784 13 37 42.54 -62 34 23.3 T                      N      5.7  160 10.65  9.67   0.89 I
466 G308.5823-00.8397 13 41 48.62 -63 09 27.3 T                      N     11.9  110 11.05  9.95   1.00 I
467 G308.5972+00.8825 13 39 08.08 -61 27 48.8 T                      N     10.4  345 10.06  9.67   0.35 I
468 G308.8795+00.1713 13 42 37.54 -62 06 28.7 T                      N      6.7  345 10.86 10.1    0.69 I
469 G309.0424+00.2316 13 43 53.15 -62 00 58.9 T                      N     10.1  110 10.54 10.14   0.35 H
470 G309.0433+00.1349 13 44 03.62 -62 06 39.2 T                      N      7.8   85 10.51  9.96   0.49 H
471 G309.1094+00.2524 13 44 24.53 -61 58 56.7 T                      N      9.9  175  9.85  9.15   0.63 FH
472 G309.2387+00.1048 13 45 44.89 -62 06 00.5 T                      N      9.8  350 13.74 11.03   2.48 I
473 G309.2992-00.9909 13 48 18.00 -63 09 27.4 T                      Y     12.9  325  9.56  9.27   0.25 I
474 G309.7667-00.6764 13 51 41.06 -62 44 45.6 T                      N      5.5  280  9.65  9.43   0.19 I
475 G309.8545+00.4492 13 50 12.72 -61 37 48.4 T                      N      4.3  350 10.69  9.69   0.91 I
476 G309.8681+00.5288 13 50 10.31 -61 32 58.0 T                      N  C   4.6   80       11.8  -99.   I
477 G309.9112+00.3762 13 50 49.01 -61 41 18.1 T                      Y  C  12.2  310  9.71  9.03   0.61 FB
478 G310.3999+00.2193 13 55 08.22 -61 43 31.5 T                      N      6.1  345 12.61 11.45   1.05 H
479 G310.6158+00.1669 13 57 00.77 -61 43 21.8 T                      N      9.5  325 12.18 10.87   1.19 I
480 G310.6430-00.4091 13 58 28.98 -62 16 22.6 T                      Y      3.9  190 14.41 12.06   2.14 FH
481 G310.7197-00.1247 13 58 29.56 -61 58 42.2 T                      Y      2.6  205 13.84 11.52   2.12 I
482 G310.8417+00.0021 13 59 12.95 -61 49 27.8 T                      N      4.2  220 10.74  9.67   0.97 I
483 G310.8776+00.1564 13 59 10.25 -61 39 57.8 T                      N      6.    35 12.33 11.31   0.92 I
484 G310.8823-00.0738 13 59 42.96 -61 53 13.6 T                      N     11.6  325 13.94 10.71   2.95 I
485 G310.9854+00.4204 13 59 28.13 -61 22 59.2 T                      N     18.     5  9.4   9.11   0.25 H
486 G311.0863-00.0397 14 01 18.44 -61 48 01.2 T                      N     39.   240  8.77  6.69   1.90 I
487 G311.1169+00.3837 14 00 36.54 -61 23 02.5 T                      N      9.    95 10.19  9.92   0.24 I
488 G311.1490+00.7378 14 00 05.45 -61 02 02.3 T                      N      5.5   60 12.17 10.64   1.39 FH
489 G311.1657+00.0448 14 01 45.74 -61 41 51.5 T                      Y     41.    35  8.69  7.76   0.84 I
490 G311.4677+00.1021 14 04 04.57 -61 33 36.1 T                      Y      7.2   80 13.19 11.03   1.97 H
491 G311.8184+00.0568 14 07 00.39 -61 30 15.5 T                      N     20.   110 13.35 10.59   2.52 I
492 G311.9670-00.0467 14 08 27.13 -61 33 36.4 T                      Y     11.6  135 11.84 10.23   1.47 I
493 G311.9977+00.1321 14 08 15.55 -61 22 48.6 T                      Y      7.5  355 12.23 10.39   1.68 I
494 G312.4748-00.4075 14 13 26.99 -61 45 01.2 T                      N      4.6  260 11.56 10.29   1.15 I
495 G312.5728+00.4015 14 12 08.37 -60 57 02.5 T                      Y      8.1   70 12.36 10.53   1.67 FB
496 G312.7845-00.5339 14 16 16.30 -61 46 19.5 T                      N      8.1   95 13.18 10.61   2.35 I
497 G312.8748+00.2557 14 14 52.77 -60 59 41.7 T                      N      3.1  265 13.13 11.09   1.86 I
498 G313.2935+00.2231 14 18 13.80 -60 53 26.3 T                      N      4.9  250 10.82  9.89   0.84 I
499 G313.4116-00.1941 14 20 17.92 -61 14 41.2 T                      Y  C   4.6  250 15.3  12.31   2.73 I
500 G313.5262+00.0318 14 20 33.71 -60 59 36.4 T                      N      5.3  230 12.17 10.85   1.20 FH
501 G313.5875+00.5914 14 19 29.91 -60 26 44.7 T                      N      4.2   90 12.23 11.08   1.04 I
502 G313.6229+00.5859 14 19 47.00 -60 26 20.5 T                      N      2.9  110 12.68 11.29   1.26 FB
503 G313.8157-00.7748 14 25 09.02 -61 39 01.1 T                      N      7.8   35 11.33 10.41   0.83 I
504 G313.8279+00.2205 14 22 21.81 -60 42 47.7 T                      N     10.2  260 12.18 10.03   1.96 I
505 G314.6248-00.2847 14 29 56.88 -60 54 01.0 T                      N     22.    60 11.07  9.04   1.85 I
506 G314.6326+00.0995 14 28 50.87 -60 32 25.1 T      HD126593        N      8.   245  7.43  7.25   0.15 I
507 G314.7562-00.6627 14 32 07.52 -61 12 05.4 T                      N      5.2  285 10.4   9.21   1.08 I
508 G315.1084-00.8389 14 35 23.32 -61 13 43.8 T                      N      5.7  200  9.89  9.19   0.63 I
509 G315.3719+00.6043 14 32 50.57 -59 47 44.1 T                      N     67.    25  8.35  7.63   0.65 I
510 G315.8313+00.1055 14 37 46.38 -60 04 33.4 T                      N     13.8  235 10.04  9.27   0.69 I
511 G315.9218-00.3423 14 39 53.57 -60 26 58.6 T                      N  C  12.1   75  9.53  7.83   1.55 I
512 G316.0532-00.3488 14 40 53.21 -60 24 07.3 T                      N      5.6  220  9.55  9.04   0.46 I
513 G316.1541-00.7578 14 43 00.54 -60 43 58.5 T                      N      7.1  140  9.56  9.32   0.21 I
514 G316.1729-00.6216 14 42 41.17 -60 36 04.5 T                      N      4.9  215 10.43 10.04   0.35 I
515 G316.4755-00.0539 14 43 00.16 -59 57 32.8 T      TYC 8692-53-1   N     29.   235  9.8   9.68   0.10 I
516 G316.5461+00.8296 14 40 38.12 -59 07 30.3 T                      N      1.9  255  9.25  9.01   0.21 I
517 G316.5611-00.3164 14 44 30.38 -60 09 41.8 T                      N  C  21.2  160 10.12  9.68   0.39 I
518 G316.5833-00.7708 14 46 13.74 -60 33 49.1 T                      Y      2.1   65 11.03 10.43   0.54 I
519 G316.7102+00.4342 14 43 04.92 -59 25 03.4 T                      N      5.1  230 13.47 11.82   1.50 I
520 G317.2454-00.1862 14 48 59.88 -59 45 01.2 T                      Y     24.   180  8.46  7.95   0.46 I
521 G317.5186-00.6302 14 52 31.11 -60 01 39.1 T                      N     14.2   15  9.85  8.98   0.79 H
522 G317.7044-00.8668 14 54 42.37 -60 09 16.2 T                      N      4.9  135 10.68  9.79   0.80 I
523 G317.7156-00.1977 14 52 22.59 -59 33 09.3 T                      N      4.1   15 11.29 10.34   0.86 H
524 G317.8924+00.0216 14 52 50.67 -59 16 38.2 T                      N      2.9  345 15.28 13.06   2.03 I
525 G317.9471-00.7936 14 56 09.96 -59 58 41.5 T                      Y      4.6  130 11.   10.37   0.57 FB
526 G317.9599-00.2576 14 54 18.54 -59 29 44.8 T                      N      3.9  300 14.95 12.99   1.79 I
527 G318.2180-00.5269 14 57 05.72 -59 36 59.2 T      IRAS 14532-5925 N     29.   215  7.53  6.55   0.89 I
528 G318.3497-00.6972 14 58 38.82 -59 42 20.4 T                      N      7.   180 10.74  9.62   1.02 I
529 G319.2440-00.2348 15 01 20.64 -58 27 40.8 T                      N      6.8   20 13.18 10.97   2.02 FB
530 G319.2857-00.0315 15 02 36.30 -58 40 29.7 T                      N  C  12.4   50 14.04 12.79   1.14 FH
531 G319.4212-00.0340 15 03 31.56 -58 36 41.8 T                      N      4.2  325 14.63 12.5    1.94 FH
532 G319.4282-00.0209 15 03 31.45 -58 35 48.3 T                      N     10.4  290 13.44 10.18   2.98 FH
533 G319.4607+00.2081 15 02 53.62 -58 22 50.3 T      OM80 12         N     11.7  275  8.55  8.16   0.35 I
534 G319.7182-00.7290 15 08 10.24 -59 04 12.6 T                      N  C 109.   120  7.65  6.59   0.96 I
535 G319.9407+00.2825 15 05 28.11 -58 04 53.7 T                      N      2.5  240 13.26 11.82   1.31 I
536 G320.0032+00.1875 15 06 34.10 -58 08 00.1 T                      N  C   9.3  230 10.86 10.     0.78 I
537 G320.2524+00.1936 15 08 10.81 -58 00 14.7 T                      N  C   4.1  110 11.28  9.86   1.29 I
538 G320.2688-00.5802 15 11 15.96 -58 39 49.6 T                      N      3.3    5 12.54 11.33   1.10 I
539 G320.9454-00.9267 15 17 05.53 -58 36 30.8 T                      N      5.4    0 10.82 10.35   0.42 FH
540 G321.1198+00.1234 15 14 03.23 -57 37 21.3 T                      N      7.4   10 11.04 10.1    0.85 I
541 G321.8215-00.0068 15 19 00.16 -57 21 49.7 T                      N      3.8   95 12.67 11.23   1.31 I
542 G322.1986+00.5183 15 19 16.98 -56 43 06.3 T                      N    144.   290  5.98  5.1    0.80 FH
543 G322.6676-00.8714 15 27 47.93 -57 37 25.1 T                      N      5.7   55 11.49 10.71   0.70 I
544 G322.6802+00.9060 15 20 42.81 -56 07 57.4 Pe12   HD136003        N     27.   225  6.39  6.2    0.16 I
545 G322.9148-00.6381 15 28 20.64 -57 17 30.3 T                      Y      5.8  155  9.24  8.16   0.98 I
546 G324.2941-00.6151 15 36 30.57 -56 28 47.1 T                      N      4.5  165 11.5  10.68   0.74 I
547 G325.5290+00.0261 15 40 52.91 -55 13 51.0 T                      N      3.   355 14.23 11.84   2.18 I
548 G325.6796-00.7237 15 44 55.95 -55 44 11.0 T                      N     10.3  280  8.64  8.1    0.48 I
549 G325.6861-00.0423 15 42 03.00 -55 11 27.6 T                      N      4.8  245 13.22 11.07   1.96 I
550 G325.8274+00.7325 15 39 36.54 -54 29 10.2 T                      N      4.5  175 11.32 10.63   0.62 I
551 G326.2551-00.7189 15 47 57.17 -55 23 48.8 T                      N      2.8  100 12.   11.04   0.87 I
552 G326.4937+00.1899 15 45 31.48 -54 30 56.3 T                      N      2.   235 13.25 11.39   1.70 I
553 G326.5286+00.2202 15 45 35.19 -54 28 13.1 T                      N      2.9   50 11.39  9.99   1.27 I
554 G326.5840-00.5999 15 49 24.34 -55 04 50.0 T                      N  C   9.2   50 11.07  9.98   0.99 FH
555 G326.7256+00.7742 15 44 20.22 -53 54 41.2 T      ALS 18049       Y      4.1  290  9.61  9.41   0.17 FB
556 G326.7577-00.5563 15 50 09.70 -54 56 16.7 T                      N     13.1  280  9.61  8.23   1.25 H
557 G327.2310-00.3377 15 51 45.66 -54 28 14.3 T                      N      6.1  225 12.92 11.26   1.51 I
558 G327.3793-00.4704 15 53 07.77 -54 28 47.0 T                      N     16.8  225  8.79  8.18   0.55 FH
559 G327.6444-00.6323 15 55 14.72 -54 26 08.6 T                      N      9.7   26 11.76 10.64   1.02 H
560 G327.8190+00.7435 15 50 15.44 -53 15 36.0 T                      N  C   8.7  225 12.22  9.99   2.03 I
561 G327.8600+00.5559 15 51 15.57 -53 22 49.3 T                      N      3.2  145 12.99 10.75   2.04 I
562 G327.9350+00.7720 15 50 44.51 -53 09 54.4 T                      N  C   8.7  170       11.2  -99.   I
563 G328.1181+00.5730 15 52 31.66 -53 12 15.6 T                      N     10.1   95 14.43 11.08   3.06 FB
564 G328.1318+00.7623 15 51 48.11 -53 02 56.1 T                      N      2.6  245 14.89 12.23   2.43 FH
565 G328.1873-00.4816 15 57 25.64 -53 58 17.0 T                      N     14.5  175  9.41  7.83   1.44 FB
566 G328.2845-00.5640 15 58 17.64 -53 58 17.0 T                      N     24.   305 10.52  8.07   2.24 FB
567 G328.2945+00.6974 15 52 54.78 -52 59 47.0 T                      N      2.6  215 14.1  11.61   2.27 I
568 G328.3490+00.8984 15 52 20.98 -52 48 22.5 T                      N      5.8   10 12.15 10.77   1.25 H
569 G328.3833+00.8504 15 52 43.59 -52 49 18.3 T                      Y     11.8  270  9.51  7.64   1.70 I
570 G328.4218-00.0217 15 56 38.08 -53 28 07.5 T                      N      7.   320 12.47 11.2    1.15 I
571 G328.4261-00.0308 15 56 41.84 -53 28 22.1 T                      N      6.3  335 11.21  9.81   1.27 I
572 G329.2399-00.5852 16 03 15.87 -53 21 43.7 T                      N  C  12.6  120 11.34 10.69   0.58 I
573 G329.8160-00.0710 16 03 52.39 -52 35 43.4 T                      N      6.   330 12.07 11.3    0.69 I
574 G329.8717-00.1302 16 04 24.38 -52 36 09.9 T                      N      8.9   85 12.67 11.6    0.97 I
575 G329.9790-08.4736 16 47 19.65 -58 20 29.2 Pe12   HD150898        -     23.8  195  5.73  5.73  -0.0  I
576 G329.9857-00.6636 16 07 19.29 -52 55 25.5 T                      N     13.8  225 11.66 10.62   0.94 I
577 G330.3770+00.7381 16 03 07.61 -51 37 03.1 T                      N      5.    45 11.63 10.57   0.96 I
578 G330.8447-00.0787 16 08 54.18 -51 54 46.5 T      TYC 8323-1662-1 N      5.1  310 10.15  9.89   0.23 I
579 G330.9550+00.2328 16 08 04.31 -51 36 30.6 T      CPD-51 8958     N      4.1  250  9.68  9.55   0.11 I
580 G331.3220-00.1755 16 11 35.66 -51 39 36.0 T                      N  C  10.5  305  9.95  8.92   0.93 FB
581 G331.6369+01.9538 16 04 00.49 -49 52 21.2 T      HD330345        -      6.5  250  8.67  8.57   0.08 I
582 G331.6530-00.5094 16 14 37.49 -51 40 33.3 T                      N      5.     5 12.48 10.79   1.54 I
583 G331.6579+00.1308 16 11 49.70 -51 12 24.7 T                      Y  C   5.7  290 12.26 11.68   0.52 I
584 G331.8118-00.1512 16 13 46.79 -51 18 24.6 T                      N  C  13.7   90 13.16 10.44   2.48 FB
585 G331.8310+00.4040 16 11 26.65 -50 53 18.4 T                      N      4.2    0 10.95  9.88   0.97 I
586 G332.0772-00.2913 16 15 37.56 -51 13 30.6 T                      N      9.3   35 10.19  8.92   1.15 I
587 G332.2055-00.4372 16 16 51.77 -51 14 28.6 T                      N     27.   235 10.17  9.6    0.51 FH
588 G332.2885+00.1126 16 14 49.33 -50 47 14.0 T                      N      3.2  225       11.61 -99.   I
589 G332.4863+00.8256 16 12 38.68 -50 08 00.5 T      CD-49 10393     N  C   9.5  350  9.44  9.31   0.11 I
590 G332.5991+00.4730 16 14 40.33 -50 18 43.4 T                      Y      4.2  320 10.83  9.45   1.25 I
591 G332.7156+00.5673 16 14 47.59 -50 09 48.3 T                      Y      7.8   45  9.99  9.28   0.64 I
592 G333.1339-00.5557 16 21 35.74 -50 40 30.5 T                      N      3.8   45 10.99 10.09   0.81 I
593 G333.1622+00.0196 16 19 10.72 -50 14 47.1 T                      N      8.5   90 14.74 11.6    2.87 I
594 G333.3639-00.3327 16 21 37.71 -50 21 17.4 T                      N      5.3  150 12.84 10.71   1.94 H
595 G333.3665-00.4112 16 21 59.29 -50 24 30.7 T                      N  C  40.6  160 11.11  9.52   1.45 I
596 G333.4657-00.7549 16 23 57.68 -50 34 48.9 T                      N      7.5   25  9.96  9.08   0.80 I
597 G333.8091-00.4724 16 24 12.64 -50 08 14.5 T                      Y      6.9   95 11.1  10.36   0.67 I
598 G334.0241-00.2693 16 24 14.91 -49 50 30.1 T                      Y  C  28.   350 12.16  8.65   3.21 I
599 G334.1632+00.0651 16 23 22.89 -49 30 27.9 T                      Y      5.1  225       12.33 -99.   I
600 G334.4353+00.2802 16 23 37.05 -49 09 47.0 T                      N      2.5  160 10.06  9.52   0.48 I
601 G335.4820-00.5212 16 31 34.44 -48 57 53.6 T                      N      3.    50 13.44 11.44   1.82 I
602 G335.5830+00.9125 16 25 44.83 -47 54 03.8 T                      Y      3.5  100 11.83 10.52   1.19 I
603 G335.6551+00.2402 16 28 56.77 -48 18 57.1 T                      N      9.6  340 10.13  9.57   0.50 I
604 G335.7372-00.1943 16 31 11.30 -48 33 18.2 T                      N     13.5  125 11.23  7.67   3.26 I
605 G335.7388-00.2070 16 31 15.05 -48 33 45.3 T                      Y      6.6  260 15.85 11.58   3.91 I
606 G336.1937-00.9163 16 36 16.18 -48 42 38.5 T                      N      6.1  180 12.39 11.47   0.83 I
607 G336.2026+00.3853 16 30 34.34 -47 49 07.9 T                      N  C   7.3  175 10.44  9.94   0.45 FB
608 G336.4707-00.1574 16 34 01.87 -47 59 35.7 T                      N      3.4  180 13.96 12.1    1.70 FB
609 G336.5213+00.3713 16 31 55.83 -47 35 46.5 T                      N      4.2  135 12.2  10.57   1.48 I
610 G336.6959+00.5063 16 32 03.18 -47 22 35.4 T                      N  C   9.6  225 10.71  8.08   2.40 I
611 G337.1246-00.1209 16 36 29.87 -47 29 10.9 T                      N      6.6  225 16.48 11.27   4.77 I
612 G337.2776-00.2660 16 37 44.53 -47 28 13.0 T                      N     10.9   30 12.63 10.15   2.26 I
613 G337.4526-00.7549 16 40 35.71 -47 39 55.5 T                      N  C  11.5   90 12.11 10.46   1.50 I
614 G337.7123+0.6861  16 35 19.41 -46 30 30.1 T                      N      5.    45  9.48  9.16   0.28 I
615 G338.8135+00.3974 16 40 49.14 -45 52 57.5 T                      N      6.3  340 11.66 10.75   0.82 FB
616 G338.9100+00.2346 16 41 53.28 -45 55 04.2 T                      N      5.   280 11.05 10.36   0.62 I
617 G339.0781+00.3356 16 42 05.30 -45 43 29.4 T                      N      7.1  300  8.58  7.37   1.10 I
618 G339.0941+00.0117 16 43 32.98 -45 55 32.7 T                      Y  C   8.7  230 11.58 10.09   1.36 I
619 G339.3900+00.6985 16 41 42.35 -45 15 03.8 T                      Y      4.6  290 10.55 10.     0.49 I
620 G339.8336-00.3418 16 47 50.85 -45 35 39.1 T                      N  C  13.6  195 12.36 10.11   2.05 I
621 G339.9911-00.3255 16 48 21.38 -45 27 48.0 T                      N      7.3  355 12.82 11.09   1.58 FH
622 G340.0021-00.3919 16 48 41.19 -45 29 51.6 T                      N      2.5  135 14.59 11.92   2.44 I
623 G340.0206-00.5122 16 49 16.84 -45 33 39.0 T                      N      6.   200 12.05 10.61   1.31 FH
624 G340.4772-00.1528 16 49 22.85 -44 58 48.1 T                      N     18.4   25  9.94  9.45   0.44 I
625 G340.7642+00.5538 16 47 22.94 -44 18 19.0 T                      N      4.2    0 14.21 12.49   1.57 I
626 G340.8579-00.8793 16 53 55.57 -45 08 56.2 T                      Y  C  13.2    5  8.92  8.69   0.20 I
627 G340.9610+00.0372 16 50 18.32 -44 29 12.8 T                      N      4.9   90 13.41 10.97   2.23 FH
628 G340.9907-00.8351 16 54 12.39 -41 01 04.9 T                      N      5.6  200 10.06  9.68   0.34 FH
629 G341.0892+00.3898 16 49 15.11 -44 09 44.9 T                      N      4.1  270 11.73 10.77   0.87 I
630 G341.2535-00.0651 16 51 47.49 -44 19 36.9 T                      N     10.4   70 11.45 10.02   1.30 I
631 G341.3576+00.1490 16 51 14.42 -44 06 37.1 T                      Y  C   5.   225 13.95 11.79   1.97 I
632 G341.8639-00.0599 16 53 55.42 -43 51 05.4 T                      N  C  12.6  330 10.78  9.9    0.80 I
633 G342.0482-00.4968 16 56 27.24 -43 58 57.5 T                      Y  C   8.9  120 12.66 11.46   1.09 I
634 G342.3422-00.4456 16 57 15.03 -43 43 15.8 T      HD152756        N     32.   350  7.51  7.47   0.02 I
635 G342.5873+00.1600 16 55 29.55 -43 09 03.9 T                      N  C  31.    55  9.12  8.54   0.52 I
636 G342.6947+00.3735 16 54 57.16 -42 55 59.8 T                      N     10.5   80  9.64  8.99   0.58 I
637 G342.7172-00.4361 16 58 29.83 -43 25 17.5 T                      N      5.8  155  9.97  9.09   0.80 I
638 G342.7479+00.3180 16 55 22.27 -42 55 36.4 T                      Y      4.7   25 12.13 10.68   1.32 I
639 G343.2280-00.0569 16 58 36.27 -42 47 08.4 T                      N  C   5.4   45 15.45 12.7    2.51 FB
640 G343.2499+00.0080 16 58 24.08 -42 43 41.5 T      HD326533        N      6.7   45  8.07  7.93   0.12 FH
641 G343.2634+00.0055 16 58 27.46 -42 43 09.1 T                      N      7.6  100  9.24  8.34   0.81 FH
642 G343.3639-00.0366 16 58 58.59 -42 39 59.2 T                      N  C  16.1   45  9.83  8.74   0.99 FH
643 G343.3671-00.2354 16 59 50.27 -42 47 12.8 T                      Y      5.3  280 11.89  9.56   2.13 I
644 G343.4493-00.1531 16 59 45.71 -42 40 17.1 T                      N      6.   355 11.52  9.82   1.55 FH
645 G343.5715-00.0887 16 59 53.80 -42 32 07.9 T                      N      1.9  220 11.06 10.1    0.87 FH
646 G343.9419-00.1440 17 01 22.09 -42 16 39.8 T                      N      4.2  210 13.4  11.4    1.82 FH
647 G344.4019-00.7899 17 05 39.20 -42 18 22.6 T                      Y      9.8  300 10.23  8.78   1.32 FH
648 G344.4658-00.5580 17 04 51.89 -42 06 54.4 T                      N  C  14.8  180  8.85  7.87   0.89 I
649 G344.6868-00.0376 17 03 21.98 -41 37 24.0 T                      N      4.6  100 12.3  10.13   1.98 I
650 G345.3932-00.0552 17 05 45.67 -41 04 17.3 T                      N  C  31.    90  7.56  7.2    0.32 FB
651 G345.6893+00.0157 17 06 22.25 -40 47 36.8 T                      N      6.   295 15.07 12.22   2.60 I
652 G345.6995-00.0130 17 06 31.46 -40 48 09.8 T                      N  C   1.5  290       12.52 -99.   I
653 G346.1388-00.2184 17 08 46.86 -40 34 27.5 T                      N      1.9  225 10.22  9.77   0.40 I
654 G346.2576+00.0235 17 08 08.10 -40 20 04.1 T                      N      3.5  225 14.2  12.15   1.87 I
655 G346.2958+00.0744 17 08 02.46 -40 16 24.3 T                      N      3.5  305 10.3   9.86   0.39 FH
656 G346.3550-00.8469 17 12 07.55 -40 46 23.3 T                      N     11.1  280  9.04  8.42   0.56 I
657 G346.3554-00.0225 17 08 38.10 -40 17 00.9 T                      N      5.7  255 10.84 10.17   0.60 I
658 G346.9309+00.2700 17 09 12.15 -39 38 50.1 T                      Y      6.2  190 12.38 10.17   2.02 I
659 G346.9331-00.5123 17 12 29.66 -40 06 32.1 T                      N      7.2  295 10.04  9.55   0.44 I
660 G347.0881-00.4008 17 12 30.01 -39 55 04.8 T                      Y  C   8.5  300 13.75 11.21   2.32 FH
661 G347.1274+00.3027 17 09 40.41 -39 28 11.7 T                      N      2.7   85 11.43 10.91   0.47 I
662 G347.1413+02.3800 17 01 13.00 -38 12 11.9 Pe15   HD153426        -  C  65.    70  7.07  7.05   0.01 I
663 G347.7334-00.0715 17 13 05.23 -39 12 08.7 T                      N      6.7   45 12.12 10.39   1.58 I
664 G347.8625-00.1941 17 13 59.42 -39 10 11.1 T                      N      4.4  240 13.52 11.27   2.05 I
665 G348.1651-00.0199 17 14 10.48 -38 49 20.7 T                      N      3.6  220 11.02  9.8    1.11 I
666 G348.4032-00.5384 17 17 03.19 -38 55 49.5 T                      N      5.8  130 12.65 11.9    0.68 FH
667 G348.7967+00.1455 17 15 22.36 -38 12 46.9 T      HD155775        N     17.   120  6.76  6.94  -0.1  I
668 G348.9673+00.3038 17 15 13.43 -37 58 55.7 T                      Y  C   4.8   45 12.73 10.72   1.83 I
669 G349.0709-00.0730 17 17 05.26 -38 06 59.7 T                      N      4.1  280 13.09 10.64   2.24 I
670 G349.1333-00.0565 17 17 12.16 -38 03 22.1 T                      N      4.4  140 11.18 10.53   0.58 I
671 G349.2256+00.2451 17 16 13.63 -37 48 22.2 T                      N      4.    75 13.84 11.77   1.89 I
672 G349.3092+00.0660 17 17 12.71 -37 50 30.4 T                      N      7.7   90 10.42  9.92   0.45 I
673 G349.5431-00.5952 17 20 38.28 -38 01 48.9 T                      N      6.   130 10.39 10.03   0.32 FH
674 G349.6090-00.6859 17 21 12.43 -38 01 40.1 T                      N      4.7  225 13.01 11.6    1.28 FH
675 G349.8034-00.1782 17 19 39.59 -37 34 41.6 T                      Y     25.7  345  9.97  8.68   1.17 I
676 G349.8858+00.1258 17 18 38.63 -37 20 10.5 T                      Y  C  42.   175 10.32  5.66   4.27 I
677 G350.0056-00.4521 17 21 22.63 -37 34 07.3 T                      N     41.   100 12.31  6.44   5.38 FB
678 G350.0179-00.4474 17 21 23.58 -37 33 21.2 T                      N     18.9   95 12.21  9.63   2.36 FB
679 G350.0969+22.4904 16 00 20.01 -22 37 18.1 Pe12   HD143275        -    318.   315  2.61 -0.72   3.04 I
680 G350.4685-00.3800 17 22 24.13 -37 08 48.5 T                      N     18.3   15 10.3   9.24   0.96 H
681 G350.6032+01.0332 17 17 00.53 -36 13 36.6 T                      N     14.9  120  8.48  7.15   1.21 FH
682 G350.7227+01.0358 17 17 20.44 -36 07 40.2 T                      N      7.9  160 10.05  8.92   1.02 I
683 G350.9956-00.5381 17 24 32.75 -36 48 03.9 T                      N      8.3  208  9.72  8.67   0.95 FH
684 G351.5370+00.6219 17 21 19.30 -35 41 53.7 T                      Y  C  11.7  240 12.03  9.14   2.64 FH
685 G351.6532+00.5115 17 22 05.61 -35 39 55.5 G11                    N     17.7  220  8.08  7.65   0.38 I
686 G352.0520-00.6590 17 27 58.66 -35 59 33.6 T                      N  C   6.5  240 11.3  10.11   1.08 I
687 G352.0642-00.8984 17 28 59.82 -36 06 54.7 T                      Y      7.8  105  9.89  9.42   0.42 I
688 G352.4288-00.0241 17 26 24.88 -35 19 34.1 T                      N     11.9  220 12.09  8.85   2.96 FB
689 G352.4634+00.0358 17 26 15.96 -35 15 50.2 T                      N      7.4  130 13.99 10.61   3.09 I
690 G353.0423+00.0582 17 27 45.06 -34 46 15.0 T                      N     26.    15 10.36  7.26   2.83 I
691 G353.0649+01.2985 17 22 50.02 -34 03 22.4 G11                    -     10.2   25  9.11  8.6    0.46 I
692 G353.4162+00.4482 17 27 11.26 -34 14 35.4 G11                    N     34.    55  8.03  7.69   0.30 H
693 G353.6114-00.0452 17 29 42.00 -34 21 15.2 T                      N  C   2.4  250  9.43  8.37   0.96 FH
694 G355.4972-00.7571 17 37 30.53 -33 09 32.2 T                      Y      5.8   45  9.63  9.37   0.23 I
695 G355.6814+00.0167 17 34 52.61 -32 35 12.8 T                      N  C   9.   340 12.06  9.81   2.05 FB
696 G355.7982+00.1077 17 34 48.83 -32 26 21.9 T                      Y  C  14.8  215       12.84 -99.   I
697 G356.3273+00.6078 17 34 11.03 -31 43 25.3 T                      N     40.   300  9.34  8.73   0.55 I
698 G356.4018-00.1587 17 37 24.83 -32 04 28.3 T                      N  C  11.1  350 12.74 10.38   2.15 I
699 G356.5905-00.2945 17 38 25.91 -31 59 16.3 T                      N  C   6.8   70 10.5   9.64   0.78 I
700 G356.6602+00.9209 17 33 47.90 -31 16 27.0 T                      N     15.8  105 10.1   9.69   0.36 I
701 G357.2959+00.7500 17 36 04.52 -30 49 55.6 T                      N      3.5  180 10.74 10.43   0.27 FB
702 G357.9016+00.5513 17 38 21.94 -30 25 39.8 T                      Y      6.2  300 10.59  9.12   1.34 I
703 G357.9651-00.2206 17 41 33.68 -30 47 03.1 T                      N  C   9.1   20 14.35 11.75   2.37 I
704 G358.1100-00.3104 17 42 16.33 -30 42 30.6 T                      N  C   9.4  185 11.14  9.05   1.91 I
705 G359.0835-00.4367 17 45 08.21 -29 56 45.3 T      CD-29 13925     Y  C  26.9  160  8.18  7.78   0.35 I
706 G359.2794+00.5232 17 41 51.04 -29 16 31.1 T                      N      5.7  250 11.12  9.85   1.15 I
707 G359.4811+00.2780 17 43 17.60 -29 13 58.7 T                      N  C  44.   230 10.85  7.34   3.21 I
708 G359.9016-00.3174 17 46 37.60 -29 11 07.1 T                      N  C   6.1  160 12.01 10.25   1.60 I
709 G359.9536-00.5088 17 47 30.01 -29 14 24.2 T                      N  C  11.2  115  9.5   9.33   0.14 FB
